#window.start	window.end	window.center	Gene	Population	nsnps,daf	daf,lower
70376969	70476969	70426969	OGT	Basque	1	1,00
30402171	30502171	30452171	FUT12	Bedouin	3	1,00
131425942	131525942	131475942	GALNT9	Bedouin	1	1,00
131425942	131525942	131475942	GALNT9	Biaka.Pygmies	1	1,00
131425942	131525942	131475942	GALNT9	Cambodian	1	1,00
70376969	70476969	70426969	OGT	Colombian	1	1,00
70406969	70506969	70456969	OGT	Colombian	1	1,00
70436969	70536969	70486969	OGT	Colombian	1	1,00
70526969	70626969	70576969	OGT	Druze	1	1,00
70556969	70656969	70606969	OGT	Druze	1	1,00
131425942	131525942	131475942	GALNT9	Han	1	1,00
131425942	131525942	131475942	GALNT9	Hazara	1	1,00
100430916	100530916	100480916	SIAT8D	Karitiana	4	1,00
70376969	70476969	70426969	OGT	Makrani	1	1,00
131425942	131525942	131475942	GALNT9	Mandenka	1	1,00
70466969	70566969	70516969	OGT	Mandenka	2	1,00
70496969	70596969	70546969	OGT	Mandenka	1	1,00
99995776	100095776	100045776	SIAT10	Mbuti.Pygmies	3	1,00
100025776	100125776	100075776	SIAT10	Mbuti.Pygmies	2	1,00
99800916	99900916	99850916	SIAT8D	Mbuti.Pygmies	3	1,00
131425942	131525942	131475942	GALNT9	Mozabite	1	1,00
70526969	70626969	70576969	OGT	Mozabite	1	1,00
70556969	70656969	70606969	OGT	Mozabite	1	1,00
70526969	70626969	70576969	OGT	North.Italy	1	1,00
70556969	70656969	70606969	OGT	North.Italy	1	1,00
131425942	131525942	131475942	GALNT9	Palestinian	1	1,00
70376969	70476969	70426969	OGT	Palestinian	1	1,00
131425942	131525942	131475942	GALNT9	Pathan	1	1,00
70376969	70476969	70426969	OGT	Pathan	1	1,00
70676969	70776969	70726969	OGT	Pima	2	1,00
70376969	70476969	70426969	OGT	Russian	1	1,00
70406969	70506969	70456969	OGT	Russian	1	1,00
70436969	70536969	70486969	OGT	Russian	1	1,00
70526969	70626969	70576969	OGT	Russian	1	1,00
70556969	70656969	70606969	OGT	Russian	1	1,00
191232115	191332115	191282115	B3GALT2	San	1	1,00
191262115	191362115	191312115	B3GALT2	San	1	1,00
61970589	62070589	62020589	B3GNT2	San	3	1,00
159341585	159441585	159391585	B4GALT3	San	4	1,00
75105452	75205452	75155452	FUT11	San	2	1,00
64998701	65098701	65048701	FUT8	San	4	1,00
65118701	65218701	65168701	FUT8	San	5	1,00
154055529	154155529	154105529	GALNT10	San	1	1,00
151544698	151644698	151594698	GALNT11_15	San	1	1,00
151574698	151674698	151624698	GALNT11_15	San	8	1,00
130945942	131045942	130995942	GALNT9	San	2	1,00
130975942	131075942	131025942	GALNT9	San	3	1,00
131005942	131105942	131055942	GALNT9	San	2	1,00
131425942	131525942	131475942	GALNT9	San	1	1,00
74499815	74599815	74549815	GCNT4	San	3	1,00
74529815	74629815	74579815	GCNT4	San	2	1,00
70376969	70476969	70426969	OGT	San	1	1,00
70406969	70506969	70456969	OGT	San	1	1,00
70586969	70686969	70636969	OGT	San	1	1,00
70616969	70716969	70666969	OGT	San	1	1,00
70646969	70746969	70696969	OGT	San	1	1,00
100025776	100125776	100075776	SIAT10	San	1	1,00
68861490	68961490	68911490	SIAT4B	San	1	1,00
68891490	68991490	68941490	SIAT4B	San	1	1,00
44385707	44485707	44435707	SIAT6	San	3	1,00
53042681	53142681	53092681	SIAT8C	San	10	1,00
99830916	99930916	99880916	SIAT8D	San	1	1,00
100130916	100230916	100180916	SIAT8D	San	5	1,00
17844449	17944449	17894449	SIAT8F	San	1	1,00
70376969	70476969	70426969	OGT	Sardinian	1	1,00
70406969	70506969	70456969	OGT	Sardinian	1	1,00
70436969	70536969	70486969	OGT	Sardinian	1	1,00
70496969	70596969	70546969	OGT	Sindhi	1	1,00
70376969	70476969	70426969	OGT	South.China	1	1,00
70406969	70506969	70456969	OGT	South.China	1	1,00
70436969	70536969	70486969	OGT	South.China	1	1,00
100340916	100440916	100390916	SIAT8D	Surui	6	1,00
100370916	100470916	100420916	SIAT8D	Surui	4	1,00
100400916	100500916	100450916	SIAT8D	Surui	4	1,00
100430916	100530916	100480916	SIAT8D	Surui	3	1,00
100460916	100560916	100510916	SIAT8D	Surui	3	1,00
131425942	131525942	131475942	GALNT9	Yoruba	1	1,00
151574698	151674698	151624698	GALNT11_15	Biaka.Pygmies	9	1,00
64998701	65098701	65048701	FUT8	Japanese	6	1,00
100400916	100500916	100450916	SIAT8D	Karitiana	6	1,00
151604698	151704698	151654698	GALNT11_15	Biaka.Pygmies	12	1,00
62090589	62190589	62140589	B3GNT2	Biaka.Pygmies	4	1,00
119517737	119617737	119567737	C1GALT1C1	Biaka.Pygmies	4	1,00
74499815	74599815	74549815	GCNT4	Biaka.Pygmies	4	1,00
100370916	100470916	100420916	SIAT8D	Karitiana	8	1,00
30432171	30532171	30482171	FUT12	Druze	3	1,00
100460916	100560916	100510916	SIAT8D	Karitiana	4	1,00
75045452	75145452	75095452	FUT11	Mbuti.Pygmies	4	1,00
30432171	30532171	30482171	FUT12	North.Italy	3	1,00
75075452	75175452	75125452	FUT11	Surui	4	1,00
159671585	159771585	159721585	B4GALT3	Mbuti.Pygmies	6	1,00
100340916	100440916	100390916	SIAT8D	Karitiana	9	1,00
70406969	70506969	70456969	OGT	Bantu	3	1,00
30402171	30502171	30452171	FUT12	Papuan	3	1,00
30402171	30502171	30452171	FUT12	Mandenka	5	1,00
62090589	62190589	62140589	B3GNT2	Mbuti.Pygmies	4	1,00
121581370	121681370	121631370	B3GNT4	Mbuti.Pygmies	4	1,00
75075452	75175452	75125452	FUT11	Mbuti.Pygmies	5	1,00
74499815	74599815	74549815	GCNT4	Yoruba	4	1,00
70376969	70476969	70426969	OGT	Bantu	2	1,00
70406969	70506969	70456969	OGT	Basque	2	1,00
70376969	70476969	70426969	OGT	Bedouin	2	1,00
151544698	151644698	151594698	GALNT11_15	Biaka.Pygmies	2	1,00
100025776	100125776	100075776	SIAT10	Biaka.Pygmies	4	1,00
120951370	121051370	121001370	B3GNT4	Colombian	2	1,00
70676969	70776969	70726969	OGT	Colombian	2	1,00
70406969	70506969	70456969	OGT	Makrani	2	1,00
70436969	70536969	70486969	OGT	Mandenka	4	1,00
151544698	151644698	151594698	GALNT11_15	Mbuti.Pygmies	2	1,00
70406969	70506969	70456969	OGT	Palestinian	2	1,00
70406969	70506969	70456969	OGT	Pathan	2	1,00
70466969	70566969	70516969	OGT	Sindhi	2	1,00
64998701	65098701	65048701	FUT8	Han	5	1,00
100025776	100125776	100075776	SIAT10	Yoruba	5	1,00
64998701	65098701	65048701	FUT8	Pathan	9	1,00
70436969	70536969	70486969	OGT	Basque	3	1,00
70406969	70506969	70456969	OGT	Bedouin	3	1,00
74529815	74629815	74579815	GCNT4	Biaka.Pygmies	3	1,00
68861490	68961490	68911490	SIAT4B	Biaka.Pygmies	3	1,00
68891490	68991490	68941490	SIAT4B	Biaka.Pygmies	3	1,00
70436969	70536969	70486969	OGT	Makrani	3	1,00
70406969	70506969	70456969	OGT	Mandenka	3	1,00
70676969	70776969	70726969	OGT	Maya	3	1,00
44415707	44515707	44465707	SIAT6	Mbuti.Pygmies	6	1,00
70436969	70536969	70486969	OGT	Palestinian	3	1,00
70436969	70536969	70486969	OGT	Pathan	3	1,00
74529815	74629815	74579815	GCNT4	Yoruba	3	1,00
99995776	100095776	100045776	SIAT10	Biaka.Pygmies	6	1,00
64998701	65098701	65048701	FUT8	Pima	5	1,00
70436969	70536969	70486969	OGT	Bedouin	4	1,00
44385707	44485707	44435707	SIAT6	Mbuti.Pygmies	4	1,00
64998701	65098701	65048701	FUT8	Yakut	7	1,00
64998701	65098701	65048701	FUT8	Hazara	9	1,00
70526969	70626969	70576969	OGT	Adygei	1	1,00
70556969	70656969	70606969	OGT	Adygei	1	1,00
70526969	70626969	70576969	OGT	Balochi	1	1,00
70556969	70656969	70606969	OGT	Balochi	1	1,00
70466969	70566969	70516969	OGT	Basque	2	1,00
70496969	70596969	70546969	OGT	Basque	1	1,00
70526969	70626969	70576969	OGT	Basque	1	1,00
70556969	70656969	70606969	OGT	Basque	1	1,00
70466969	70566969	70516969	OGT	Bedouin	2	1,00
70496969	70596969	70546969	OGT	Bedouin	1	1,00
70526969	70626969	70576969	OGT	Bedouin	1	1,00
70556969	70656969	70606969	OGT	Bedouin	1	1,00
70466969	70566969	70516969	OGT	Brahui	2	1,00
70496969	70596969	70546969	OGT	Brahui	1	1,00
70526969	70626969	70576969	OGT	Burusho	1	1,00
70556969	70656969	70606969	OGT	Burusho	1	1,00
64998701	65098701	65048701	FUT8	Cambodian	7	1,00
70526969	70626969	70576969	OGT	French	1	1,00
70556969	70656969	70606969	OGT	French	1	1,00
70526969	70626969	70576969	OGT	Hazara	1	1,00
70556969	70656969	70606969	OGT	Hazara	1	1,00
70526969	70626969	70576969	OGT	Kalash	1	1,00
70556969	70656969	70606969	OGT	Kalash	1	1,00
70466969	70566969	70516969	OGT	Makrani	2	1,00
70496969	70596969	70546969	OGT	Makrani	1	1,00
70526969	70626969	70576969	OGT	Makrani	1	1,00
70556969	70656969	70606969	OGT	Makrani	1	1,00
70376969	70476969	70426969	OGT	Mandenka	2	1,00
70376969	70476969	70426969	OGT	Maya	1	1,00
70406969	70506969	70456969	OGT	Maya	1	1,00
70436969	70536969	70486969	OGT	Maya	1	1,00
70526969	70626969	70576969	OGT	Maya	1	1,00
70556969	70656969	70606969	OGT	Maya	1	1,00
74805452	74905452	74855452	FUT11	Mbuti.Pygmies	3	1,00
74529815	74629815	74579815	GCNT4	Mbuti.Pygmies	2	1,00
68861490	68961490	68911490	SIAT4B	Mbuti.Pygmies	2	1,00
68891490	68991490	68941490	SIAT4B	Mbuti.Pygmies	2	1,00
70376969	70476969	70426969	OGT	Mozabite	2	1,00
70406969	70506969	70456969	OGT	Mozabite	3	1,00
70436969	70536969	70486969	OGT	Mozabite	4	1,00
70466969	70566969	70516969	OGT	Mozabite	2	1,00
70496969	70596969	70546969	OGT	Mozabite	1	1,00
64998701	65098701	65048701	FUT8	NAN.Melanesian	2	1,00
70526969	70626969	70576969	OGT	Orcadian	1	1,00
70556969	70656969	70606969	OGT	Orcadian	1	1,00
70466969	70566969	70516969	OGT	Palestinian	2	1,00
70496969	70596969	70546969	OGT	Palestinian	1	1,00
70526969	70626969	70576969	OGT	Palestinian	1	1,00
70556969	70656969	70606969	OGT	Palestinian	1	1,00
64998701	65098701	65048701	FUT8	Papuan	5	1,00
68771490	68871490	68821490	SIAT4B	Papuan	2	1,00
68801490	68901490	68851490	SIAT4B	Papuan	2	1,00
68831490	68931490	68881490	SIAT4B	Papuan	3	1,00
70466969	70566969	70516969	OGT	Pathan	2	1,00
70496969	70596969	70546969	OGT	Pathan	1	1,00
70526969	70626969	70576969	OGT	Sindhi	1	1,00
70556969	70656969	70606969	OGT	Sindhi	1	1,00
70376969	70476969	70426969	OGT	Yakut	1	1,00
70406969	70506969	70456969	OGT	Yakut	1	1,00
70436969	70536969	70486969	OGT	Yakut	1	1,00
70376969	70476969	70426969	OGT	Yoruba	1	1,00
70406969	70506969	70456969	OGT	Yoruba	2	1,00
88038598	88138598	88088598	GALNT4	Mbuti.Pygmies	13	0,92
151634698	151734698	151684698	GALNT11_15	Biaka.Pygmies	12	0,92
74439815	74539815	74489815	GCNT4	Adygei	11	0,91
33247013	33347013	33297013	B4GALT1	Mbuti.Pygmies	11	0,91
151604698	151704698	151654698	GALNT11_15	San	10	0,90
74439815	74539815	74489815	GCNT4	Kalash	10	0,90
74439815	74539815	74489815	GCNT4	Orcadian	10	0,90
65058701	65158701	65108701	FUT8	Biaka.Pygmies	10	0,90
74439815	74539815	74489815	GCNT4	Sardinian	10	0,90
64998701	65098701	65048701	FUT8	Biaka.Pygmies	10	0,90
154055529	154155529	154105529	GALNT10	Mandenka	10	0,90
154055529	154155529	154105529	GALNT10	Sardinian	10	0,90
65058701	65158701	65108701	FUT8	Cambodian	10	0,90
74439815	74539815	74489815	GCNT4	North.East.China	10	0,90
18087176	18187176	18137176	B3GNT3	San	9	0,89
121281370	121381370	121331370	B3GNT4	Bantu	9	0,89
65028701	65128701	65078701	FUT8	Biaka.Pygmies	9	0,89
99965776	100065776	100015776	SIAT10	Kalash	9	0,89
30252171	30352171	30302171	FUT12	Yoruba	9	0,89
100310916	100410916	100360916	SIAT8D	Karitiana	9	0,89
153335529	153435529	153385529	GALNT10	Biaka.Pygmies	9	0,89
65148701	65248701	65198701	FUT8	Maya	9	0,89
33277013	33377013	33327013	B4GALT1	Biaka.Pygmies	9	0,89
174203751	174303751	174253751	GALNT7_17	Biaka.Pygmies	17	0,88
96233842	96333842	96283842	FUT9	Colombian	8	0,88
42864475	42964475	42914475	SIAT8E	San	8	0,88
42894475	42994475	42944475	SIAT8E	San	8	0,88
74469815	74569815	74519815	GCNT4	Adygei	8	0,88
75465452	75565452	75515452	FUT11	Biaka.Pygmies	8	0,88
30282171	30382171	30332171	FUT12	Yoruba	8	0,88
62030589	62130589	62080589	B3GNT2	Adygei	8	0,88
121311370	121411370	121361370	B3GNT4	Bantu	8	0,88
33277013	33377013	33327013	B4GALT1	Mbuti.Pygmies	8	0,88
64968701	65068701	65018701	FUT8	Pathan	8	0,88
154055529	154155529	154105529	GALNT10	Biaka.Pygmies	8	0,88
30282171	30382171	30332171	FUT12	Biaka.Pygmies	8	0,88
64968701	65068701	65018701	FUT8	Hazara	8	0,88
30132171	30232171	30182171	FUT12	Mbuti.Pygmies	8	0,88
64968701	65068701	65018701	FUT8	Yakut	8	0,88
65028701	65128701	65078701	FUT8	Cambodian	8	0,88
64968701	65068701	65018701	FUT8	Cambodian	8	0,88
64968701	65068701	65018701	FUT8	Japanese	7	0,86
33339383	33439383	33389383	FUT10	San	14	0,86
88128598	88228598	88178598	GALNT4	San	14	0,86
88158598	88258598	88208598	GALNT4	San	14	0,86
74469815	74569815	74519815	GCNT4	Kalash	7	0,86
96233842	96333842	96283842	FUT9	Biaka.Pygmies	7	0,86
74469815	74569815	74519815	GCNT4	Orcadian	7	0,86
62060589	62160589	62110589	B3GNT2	Hazara	7	0,86
33759383	33859383	33809383	FUT10	Papuan	7	0,86
62060589	62160589	62110589	B3GNT2	Russian	7	0,86
121341370	121441370	121391370	B3GNT4	Bantu	7	0,86
121521370	121621370	121571370	B3GNT4	Karitiana	7	0,86
119577737	119677737	119627737	C1GALT1C1	Biaka.Pygmies	7	0,86
65028701	65128701	65078701	FUT8	Mbuti.Pygmies	7	0,86
74469815	74569815	74519815	GCNT4	Sardinian	7	0,86
99995776	100095776	100045776	SIAT10	Bantu	7	0,86
191172115	191272115	191222115	B3GALT2	Makrani	7	0,86
62060589	62160589	62110589	B3GNT2	Makrani	7	0,86
50211968	50311968	50261968	GALNT6	Mbuti.Pygmies	7	0,86
62060589	62160589	62110589	B3GNT2	Pathan	7	0,86
62060589	62160589	62110589	B3GNT2	Sardinian	7	0,86
65681040	65781040	65731040	B3GNT1	Biaka.Pygmies	7	0,86
74439815	74539815	74489815	GCNT4	NAN.Melanesian	7	0,86
74469815	74569815	74519815	GCNT4	North.East.China	7	0,86
62060589	62160589	62110589	B3GNT2	Palestinian	7	0,86
33217013	33317013	33267013	B4GALT1	South.China	14	0,86
64968701	65068701	65018701	FUT8	Han	7	0,86
154055529	154155529	154105529	GALNT10	Mbuti.Pygmies	7	0,86
62060589	62160589	62110589	B3GNT2	North.West.China	7	0,86
62060589	62160589	62110589	B3GNT2	Mozabite	7	0,86
65058701	65158701	65108701	FUT8	Papuan	7	0,86
62060589	62160589	62110589	B3GNT2	Burusho	7	0,86
74439815	74539815	74489815	GCNT4	Surui	7	0,86
184212970	184312970	184262970	B3GNT5	Mandenka	13	0,85
188305465	188405465	188355465	SIAT1	Biaka.Pygmies	26	0,85
30596900	30696900	30646900	GALNT14	Biaka.Pygmies	13	0,85
33217013	33317013	33267013	B4GALT1	San	12	0,83
65088701	65188701	65138701	FUT8	San	6	0,83
65178701	65278701	65228701	FUT8	San	6	0,83
11816012	11916012	11866012	GALNT18	San	12	0,83
74379815	74479815	74429815	GCNT4	San	6	0,83
44415707	44515707	44465707	SIAT6	San	6	0,83
74409815	74509815	74459815	GCNT4	Adygei	12	0,83
62060589	62160589	62110589	B3GNT2	Adygei	6	0,83
99800916	99900916	99850916	SIAT8D	Biaka.Pygmies	6	0,83
62060589	62160589	62110589	B3GNT2	Druze	6	0,83
166516007	166616007	166566007	GALNT3	Orcadian	12	0,83
62060589	62160589	62110589	B3GNT2	Biaka.Pygmies	6	0,83
119547737	119647737	119597737	C1GALT1C1	Biaka.Pygmies	6	0,83
53641528	53741528	53691528	FUT1_2	Mozabite	6	0,83
77157338	77257338	77207338	SIAT7C_E	Biaka.Pygmies	12	0,83
191442115	191542115	191492115	B3GALT2	French	6	0,83
68891490	68991490	68941490	SIAT4B	Makrani	6	0,83
42894475	42994475	42944475	SIAT8E	Mbuti.Pygmies	6	0,83
154055529	154155529	154105529	GALNT10	Orcadian	12	0,83
191172115	191272115	191222115	B3GALT2	Pathan	6	0,83
121251370	121351370	121301370	B3GNT4	Bantu	6	0,83
53641528	53741528	53691528	FUT1_2	Brahui	6	0,83
62060589	62160589	62110589	B3GNT2	Mbuti.Pygmies	6	0,83
74049815	74149815	74099815	GCNT4	Mbuti.Pygmies	6	0,83
76264680	76364680	76314680	B3GNT6	Sardinian	6	0,83
191442115	191542115	191492115	B3GALT2	Makrani	6	0,83
99800916	99900916	99850916	SIAT8D	Mandenka	6	0,83
75525452	75625452	75575452	FUT11	Mbuti.Pygmies	6	0,83
100025776	100125776	100075776	SIAT10	Palestinian	6	0,83
191172115	191272115	191222115	B3GALT2	Sindhi	6	0,83
33247013	33347013	33297013	B4GALT1	Biaka.Pygmies	12	0,83
121551370	121651370	121601370	B3GNT4	Karitiana	6	0,83
65711040	65811040	65761040	B3GNT1	Biaka.Pygmies	6	0,83
53641528	53741528	53691528	FUT1_2	Makrani	6	0,83
65118701	65218701	65168701	FUT8	Maya	12	0,83
121311370	121411370	121361370	B3GNT4	Yoruba	6	0,83
191172115	191272115	191222115	B3GALT2	Hazara	6	0,83
64968701	65068701	65018701	FUT8	Papuan	6	0,83
33217013	33317013	33267013	B4GALT1	Adygei	11	0,82
33217013	33317013	33267013	B4GALT1	NAN.Melanesian	11	0,82
33217013	33317013	33267013	B4GALT1	Sardinian	11	0,82
74409815	74509815	74459815	GCNT4	Kalash	11	0,82
33217013	33317013	33267013	B4GALT1	Yakut	11	0,82
74409815	74509815	74459815	GCNT4	Orcadian	11	0,82
65088701	65188701	65138701	FUT8	Biaka.Pygmies	11	0,82
74409815	74509815	74459815	GCNT4	Sardinian	11	0,82
44085707	44185707	44135707	SIAT6	Bantu	11	0,82
100520916	100620916	100570916	SIAT8D	Karitiana	11	0,82
33247013	33347013	33297013	B4GALT1	Makrani	11	0,82
33247013	33347013	33297013	B4GALT1	South.China	11	0,82
30192171	30292171	30242171	FUT12	Palestinian	11	0,82
33247013	33347013	33297013	B4GALT1	Druze	11	0,82
42864475	42964475	42914475	SIAT8E	Yakut	11	0,82
96773842	96873842	96823842	FUT9	Biaka.Pygmies	22	0,82
33247013	33347013	33297013	B4GALT1	Sindhi	11	0,82
65088701	65188701	65138701	FUT8	Cambodian	11	0,82
33247013	33347013	33297013	B4GALT1	Brahui	11	0,82
166516007	166616007	166566007	GALNT3	NAN.Melanesian	11	0,82
33277013	33377013	33327013	B4GALT1	Yoruba	11	0,82
74439815	74539815	74489815	GCNT4	Russian	11	0,82
30192171	30292171	30242171	FUT12	Makrani	11	0,82
33247013	33347013	33297013	B4GALT1	Mozabite	11	0,82
33217013	33317013	33267013	B4GALT1	Balochi	11	0,82
30192171	30292171	30242171	FUT12	Druze	11	0,82
93543691	93643691	93593691	FUT4	Balochi	16	0,81
75927338	76027338	75977338	SIAT7C_E	Biaka.Pygmies	16	0,81
30522171	30622171	30572171	FUT12	Yakut	16	0,81
96803842	96903842	96853842	FUT9	Biaka.Pygmies	21	0,81
119517737	119617737	119567737	C1GALT1C1	Bantu	5	0,80
96293842	96393842	96343842	FUT9	Biaka.Pygmies	10	0,80
99830916	99930916	99880916	SIAT8D	Biaka.Pygmies	5	0,80
96203842	96303842	96253842	FUT9	Maya	10	0,80
159641585	159741585	159691585	B4GALT3	Mbuti.Pygmies	5	0,80
30402171	30502171	30452171	FUT12	Mbuti.Pygmies	5	0,80
68861490	68961490	68911490	SIAT4B	North.West.China	5	0,80
76264680	76364680	76314680	B3GNT6	Papuan	5	0,80
53611528	53711528	53661528	FUT1_2	San	5	0,80
53641528	53741528	53691528	FUT1_2	San	5	0,80
64968701	65068701	65018701	FUT8	San	5	0,80
65058701	65158701	65108701	FUT8	San	5	0,80
65148701	65248701	65198701	FUT8	San	5	0,80
151634698	151734698	151684698	GALNT11_15	San	10	0,80
88098598	88198598	88148598	GALNT4	San	10	0,80
74439815	74539815	74489815	GCNT4	San	10	0,80
44355707	44455707	44405707	SIAT6	San	5	0,80
42834475	42934475	42884475	SIAT8E	San	10	0,80
100310916	100410916	100360916	SIAT8D	Surui	5	0,80
100520916	100620916	100570916	SIAT8D	Surui	10	0,80
96953842	97053842	97003842	FUT9	Biaka.Pygmies	15	0,80
39488604	39588604	39538604	B3GALT5	Burusho	10	0,80
96863842	96963842	96913842	FUT9	Russian	15	0,80
33429383	33529383	33479383	FUT10	Biaka.Pygmies	10	0,80
62090589	62190589	62140589	B3GNT2	Adygei	5	0,80
62090589	62190589	62140589	B3GNT2	Balochi	5	0,80
62090589	62190589	62140589	B3GNT2	Druze	5	0,80
62090589	62190589	62140589	B3GNT2	Hazara	5	0,80
75015452	75115452	75065452	FUT11	Mbuti.Pygmies	5	0,80
68861490	68961490	68911490	SIAT4B	North.East.China	5	0,80
62090589	62190589	62140589	B3GNT2	Russian	5	0,80
69041490	69141490	69091490	SIAT4B	Yoruba	5	0,80
96233842	96333842	96283842	FUT9	Mbuti.Pygmies	5	0,80
33217013	33317013	33267013	B4GALT1	Sindhi	15	0,80
96893842	96993842	96943842	FUT9	Biaka.Pygmies	20	0,80
88068598	88168598	88118598	GALNT4	Mbuti.Pygmies	10	0,80
121551370	121651370	121601370	B3GNT4	Mbuti.Pygmies	5	0,80
75435452	75535452	75485452	FUT11	Biaka.Pygmies	10	0,80
39488604	39588604	39538604	B3GALT5	Hazara	10	0,80
30192171	30292171	30242171	FUT12	Russian	10	0,80
39488604	39588604	39538604	B3GALT5	Yakut	10	0,80
30072171	30172171	30122171	FUT12	Makrani	10	0,80
30132171	30232171	30182171	FUT12	Hazara	10	0,80
6896187	6996187	6946187	C1GALT1	North.Italy	5	0,80
6896187	6996187	6946187	C1GALT1	Sardinian	5	0,80
76234680	76334680	76284680	B3GNT6	Biaka.Pygmies	10	0,80
65208701	65308701	65258701	FUT8	Biaka.Pygmies	10	0,80
30132171	30232171	30182171	FUT12	Mozabite	10	0,80
68831490	68931490	68881490	SIAT4B	Bantu	5	0,80
100025776	100125776	100075776	SIAT10	Basque	5	0,80
68831490	68931490	68881490	SIAT4B	Biaka.Pygmies	5	0,80
30192171	30292171	30242171	FUT12	French	10	0,80
100025776	100125776	100075776	SIAT10	French	5	0,80
68861490	68961490	68911490	SIAT4B	Hazara	5	0,80
68861490	68961490	68911490	SIAT4B	Japanese	5	0,80
174533751	174633751	174583751	GALNT7_17	Karitiana	5	0,80
100490916	100590916	100540916	SIAT8D	Karitiana	5	0,80
62090589	62190589	62140589	B3GNT2	Makrani	5	0,80
30372171	30472171	30422171	FUT12	Mandenka	5	0,80
100025776	100125776	100075776	SIAT10	Mandenka	5	0,80
62030589	62130589	62080589	B3GNT2	Mbuti.Pygmies	5	0,80
39488604	39588604	39538604	B3GALT5	Mozabite	10	0,80
100025776	100125776	100075776	SIAT10	Mozabite	5	0,80
68831490	68931490	68881490	SIAT4B	Mozabite	5	0,80
100025776	100125776	100075776	SIAT10	North.Italy	5	0,80
62090589	62190589	62140589	B3GNT2	North.West.China	5	0,80
68831490	68931490	68881490	SIAT4B	Palestinian	5	0,80
62090589	62190589	62140589	B3GNT2	Pathan	5	0,80
62090589	62190589	62140589	B3GNT2	Sardinian	5	0,80
100025776	100125776	100075776	SIAT10	Sindhi	5	0,80
68831490	68931490	68881490	SIAT4B	Sindhi	5	0,80
68861490	68961490	68911490	SIAT4B	South.China	5	0,80
75045452	75145452	75095452	FUT11	Surui	5	0,80
154055529	154155529	154105529	GALNT10	Yoruba	10	0,80
68861490	68961490	68911490	SIAT4B	Yoruba	5	0,80
68891490	68991490	68941490	SIAT4B	Yoruba	5	0,80
64998701	65098701	65048701	FUT8	Maya	10	0,80
53641528	53741528	53691528	FUT1_2	Balochi	5	0,80
62090589	62190589	62140589	B3GNT2	Bantu	5	0,80
30072171	30172171	30122171	FUT12	Hazara	10	0,80
39488604	39588604	39538604	B3GALT5	Mbuti.Pygmies	10	0,80
158122879	158222879	158172879	GALNT5	Mbuti.Pygmies	15	0,80
62090589	62190589	62140589	B3GNT2	Mozabite	5	0,80
62090589	62190589	62140589	B3GNT2	Palestinian	5	0,80
53641528	53741528	53691528	FUT1_2	Russian	5	0,80
30192171	30292171	30242171	FUT12	Bedouin	10	0,80
33277013	33377013	33327013	B4GALT1	Mandenka	10	0,80
88488598	88588598	88538598	GALNT4	Mandenka	15	0,80
100025776	100125776	100075776	SIAT10	Bantu	5	0,80
68831490	68931490	68881490	SIAT4B	Bedouin	5	0,80
97073842	97173842	97123842	FUT9	Brahui	5	0,80
100025776	100125776	100075776	SIAT10	Han	5	0,80
74409815	74509815	74459815	GCNT4	North.East.China	10	0,80
65561040	65661040	65611040	B3GNT1	Papuan	10	0,80
99800916	99900916	99850916	SIAT8D	Yoruba	5	0,80
30522171	30622171	30572171	FUT12	North.East.China	15	0,80
99965776	100065776	100015776	SIAT10	Biaka.Pygmies	10	0,80
151394698	151494698	151444698	GALNT11_15	Mozabite	10	0,80
53641528	53741528	53691528	FUT1_2	Adygei	5	0,80
65711040	65811040	65761040	B3GNT1	Mbuti.Pygmies	5	0,80
65058701	65158701	65108701	FUT8	NAN.Melanesian	5	0,80
53641528	53741528	53691528	FUT1_2	Palestinian	5	0,80
53641528	53741528	53691528	FUT1_2	Pathan	5	0,80
64968701	65068701	65018701	FUT8	Pima	5	0,80
121341370	121441370	121391370	B3GNT4	Yoruba	5	0,80
76324680	76424680	76374680	B3GNT6	Biaka.Pygmies	10	0,80
65028701	65128701	65078701	FUT8	Papuan	5	0,80
65028701	65128701	65078701	FUT8	Hazara	10	0,80
30192171	30292171	30242171	FUT12	Sindhi	10	0,80
53641528	53741528	53691528	FUT1_2	French	5	0,80
30072171	30172171	30122171	FUT12	North.West.China	10	0,80
62090589	62190589	62140589	B3GNT2	Burusho	5	0,80
10896934	10996934	10946934	GCNT2	Mbuti.Pygmies	19	0,79
75957338	76057338	76007338	SIAT7C_E	San	14	0,79
96833842	96933842	96883842	FUT9	Orcadian	14	0,79
30596900	30696900	30646900	GALNT14	Balochi	14	0,79
33217013	33317013	33267013	B4GALT1	Makrani	14	0,79
93573691	93673691	93623691	FUT4	Mbuti.Pygmies	14	0,79
49761968	49861968	49811968	GALNT6	Sardinian	14	0,79
158182879	158282879	158232879	GALNT5	Maya	14	0,79
33217013	33317013	33267013	B4GALT1	Brahui	14	0,79
30522171	30622171	30572171	FUT12	North.West.China	14	0,79
158152879	158252879	158202879	GALNT5	Russian	14	0,79
158182879	158282879	158232879	GALNT5	Russian	14	0,79
96263842	96363842	96313842	FUT9	Biaka.Pygmies	9	0,78
29982171	30082171	30032171	FUT12	San	9	0,78
30012171	30112171	30062171	FUT12	San	9	0,78
5982265	6082265	6032265	FUT5_6	San	9	0,78
174383751	174483751	174433751	GALNT7_17	San	9	0,78
74409815	74509815	74459815	GCNT4	San	9	0,78
69311490	69411490	69361490	SIAT4B	San	9	0,78
88038598	88138598	88088598	GALNT4	Karitiana	9	0,78
96203842	96303842	96253842	FUT9	Sardinian	9	0,78
74079815	74179815	74129815	GCNT4	Mbuti.Pygmies	9	0,78
66041040	66141040	66091040	B3GNT1	Biaka.Pygmies	9	0,78
96203842	96303842	96253842	FUT9	Biaka.Pygmies	9	0,78
30192171	30292171	30242171	FUT12	North.Italy	9	0,78
30132171	30232171	30182171	FUT12	Maya	9	0,78
30252171	30352171	30302171	FUT12	Bantu	9	0,78
66071040	66171040	66121040	B3GNT1	Biaka.Pygmies	9	0,78
159701585	159801585	159751585	B4GALT3	Mbuti.Pygmies	9	0,78
42894475	42994475	42944475	SIAT8E	Bantu	9	0,78
39488604	39588604	39538604	B3GALT5	Biaka.Pygmies	9	0,78
61910589	62010589	61960589	B3GNT2	Mbuti.Pygmies	9	0,78
119367737	119467737	119417737	C1GALT1C1	Yoruba	18	0,78
65118701	65218701	65168701	FUT8	Cambodian	9	0,78
96743842	96843842	96793842	FUT9	Yoruba	18	0,78
65058701	65158701	65108701	FUT8	Mbuti.Pygmies	9	0,78
99995776	100095776	100045776	SIAT10	Sindhi	9	0,78
62030589	62130589	62080589	B3GNT2	Bantu	9	0,78
62030589	62130589	62080589	B3GNT2	Brahui	9	0,78
62030589	62130589	62080589	B3GNT2	Hazara	9	0,78
39488604	39588604	39538604	B3GALT5	Pima	9	0,78
62030589	62130589	62080589	B3GNT2	Russian	9	0,78
30252171	30352171	30302171	FUT12	Biaka.Pygmies	9	0,78
96713842	96813842	96763842	FUT9	Mbuti.Pygmies	18	0,78
64968701	65068701	65018701	FUT8	Biaka.Pygmies	9	0,78
62030589	62130589	62080589	B3GNT2	Makrani	9	0,78
191172115	191272115	191222115	B3GALT2	Palestinian	9	0,78
62030589	62130589	62080589	B3GNT2	Palestinian	9	0,78
62030589	62130589	62080589	B3GNT2	Sardinian	9	0,78
66041040	66141040	66091040	B3GNT1	Yoruba	9	0,78
74109815	74209815	74159815	GCNT4	Japanese	9	0,78
64968701	65068701	65018701	FUT8	Maya	9	0,78
44355707	44455707	44405707	SIAT6	Colombian	9	0,78
30192171	30292171	30242171	FUT12	Balochi	9	0,78
62030589	62130589	62080589	B3GNT2	Mozabite	9	0,78
30072171	30172171	30122171	FUT12	North.East.China	9	0,78
62030589	62130589	62080589	B3GNT2	North.West.China	9	0,78
66041040	66141040	66091040	B3GNT1	Bantu	9	0,78
191172115	191272115	191222115	B3GALT2	Druze	9	0,78
191172115	191272115	191222115	B3GALT2	Bedouin	9	0,78
62030589	62130589	62080589	B3GNT2	Burusho	9	0,78
96803842	96903842	96853842	FUT9	Yoruba	22	0,77
129681436	129781436	129731436	SIAT7D_F	Russian	13	0,77
184182970	184282970	184232970	B3GNT5	Mandenka	13	0,77
33247013	33347013	33297013	B4GALT1	Yoruba	13	0,77
33217013	33317013	33267013	B4GALT1	Mbuti.Pygmies	13	0,77
33307013	33407013	33357013	B4GALT1	Mbuti.Pygmies	13	0,77
30492171	30592171	30542171	FUT12	Yakut	13	0,77
88398598	88498598	88448598	GALNT4	Mbuti.Pygmies	13	0,77
30492171	30592171	30542171	FUT12	North.East.China	13	0,77
30596900	30696900	30646900	GALNT14	Yakut	13	0,77
65058701	65158701	65108701	FUT8	Hazara	13	0,77
188305465	188405465	188355465	SIAT1	San	17	0,76
53492681	53592681	53542681	SIAT8C	San	17	0,76
119367737	119467737	119417737	C1GALT1C1	Bantu	17	0,76
174203751	174303751	174253751	GALNT7_17	Yoruba	17	0,76
154025529	154125529	154075529	GALNT10	Sardinian	17	0,76
53012681	53112681	53062681	SIAT8C	Mbuti.Pygmies	17	0,76
53042681	53142681	53092681	SIAT8C	Mbuti.Pygmies	17	0,76
96833842	96933842	96883842	FUT9	Yoruba	17	0,76
33247013	33347013	33297013	B4GALT1	Basque	8	0,75
68861490	68961490	68911490	SIAT4B	Basque	4	0,75
121581370	121681370	121631370	B3GNT4	Biaka.Pygmies	4	0,75
30432171	30532171	30482171	FUT12	Biaka.Pygmies	4	0,75
100025776	100125776	100075776	SIAT10	Brahui	4	0,75
62060589	62160589	62110589	B3GNT2	Cambodian	4	0,75
68831490	68931490	68881490	SIAT4B	Cambodian	4	0,75
68861490	68961490	68911490	SIAT4B	Cambodian	4	0,75
68861490	68961490	68911490	SIAT4B	French	4	0,75
33247013	33347013	33297013	B4GALT1	Hazara	8	0,75
33247013	33347013	33297013	B4GALT1	Karitiana	8	0,75
33217013	33317013	33267013	B4GALT1	Maya	8	0,75
96233842	96333842	96283842	FUT9	Maya	8	0,75
191322115	191422115	191372115	B3GALT2	Mbuti.Pygmies	4	0,75
74985452	75085452	75035452	FUT11	Mbuti.Pygmies	4	0,75
30432171	30532171	30482171	FUT12	Mbuti.Pygmies	4	0,75
68831490	68931490	68881490	SIAT4B	North.East.China	4	0,75
68861490	68961490	68911490	SIAT4B	North.Italy	4	0,75
44385707	44485707	44435707	SIAT6	North.Italy	8	0,75
68831490	68931490	68881490	SIAT4B	North.West.China	4	0,75
121581370	121681370	121631370	B3GNT4	Orcadian	4	0,75
74925452	75025452	74975452	FUT11	Orcadian	4	0,75
39488604	39588604	39538604	B3GALT5	San	4	0,75
65771040	65871040	65821040	B3GNT1	San	4	0,75
62000589	62100589	62050589	B3GNT2	San	4	0,75
62180589	62280589	62230589	B3GNT2	San	4	0,75
33247013	33347013	33297013	B4GALT1	San	8	0,75
153305529	153405529	153355529	GALNT10	San	8	0,75
153335529	153435529	153385529	GALNT10	San	4	0,75
151394698	151494698	151444698	GALNT11_15	San	4	0,75
151424698	151524698	151474698	GALNT11_15	San	4	0,75
130915942	131015942	130965942	GALNT9	San	4	0,75
43905707	44005707	43955707	SIAT6	San	8	0,75
44115707	44215707	44165707	SIAT6	San	4	0,75
42684475	42784475	42734475	SIAT8E	San	4	0,75
100490916	100590916	100540916	SIAT8D	Surui	4	0,75
68831490	68931490	68881490	SIAT4B	Yakut	4	0,75
121581370	121681370	121631370	B3GNT4	Yoruba	4	0,75
100130916	100230916	100180916	SIAT8D	Pima	12	0,75
39458604	39558604	39508604	B3GALT5	Burusho	12	0,75
119487737	119587737	119537737	C1GALT1C1	Bantu	8	0,75
65148701	65248701	65198701	FUT8	Biaka.Pygmies	8	0,75
74469815	74569815	74519815	GCNT4	Biaka.Pygmies	8	0,75
30222171	30322171	30272171	FUT12	Mbuti.Pygmies	8	0,75
30222171	30322171	30272171	FUT12	Yoruba	8	0,75
33247013	33347013	33297013	B4GALT1	Maya	8	0,75
33247013	33347013	33297013	B4GALT1	Russian	8	0,75
11816012	11916012	11866012	GALNT18	Mbuti.Pygmies	12	0,75
121581370	121681370	121631370	B3GNT4	Papuan	4	0,75
96863842	96963842	96913842	FUT9	Makrani	16	0,75
120403382	120503382	120453382	B4GALT4	Bantu	24	0,75
30072171	30172171	30122171	FUT12	Bedouin	12	0,75
70706969	70806969	70756969	OGT	Bedouin	4	0,75
65178701	65278701	65228701	FUT8	Biaka.Pygmies	8	0,75
53641528	53741528	53691528	FUT1_2	Burusho	4	0,75
53641528	53741528	53691528	FUT1_2	Druze	4	0,75
30432171	30532171	30482171	FUT12	Mandenka	4	0,75
6896187	6996187	6946187	C1GALT1	Mbuti.Pygmies	4	0,75
74469815	74569815	74519815	GCNT4	NAN.Melanesian	4	0,75
62090589	62190589	62140589	B3GNT2	Yoruba	4	0,75
119427737	119527737	119477737	C1GALT1C1	Bantu	12	0,75
30282171	30382171	30332171	FUT12	Bantu	8	0,75
65118701	65218701	65168701	FUT8	Biaka.Pygmies	8	0,75
88038598	88138598	88088598	GALNT4	Surui	8	0,75
18087176	18187176	18137176	B3GNT3	Mbuti.Pygmies	16	0,75
11786012	11886012	11836012	GALNT18	Mbuti.Pygmies	16	0,75
191442115	191542115	191492115	B3GALT2	Balochi	4	0,75
68831490	68931490	68881490	SIAT4B	Balochi	4	0,75
70436969	70536969	70486969	OGT	Bantu	4	0,75
68861490	68961490	68911490	SIAT4B	Bantu	4	0,75
68891490	68991490	68941490	SIAT4B	Bantu	4	0,75
191442115	191542115	191492115	B3GALT2	Brahui	4	0,75
39458604	39558604	39508604	B3GALT5	Hazara	12	0,75
68831490	68931490	68881490	SIAT4B	Japanese	4	0,75
30372171	30472171	30422171	FUT12	Makrani	4	0,75
30402171	30502171	30452171	FUT12	Makrani	4	0,75
184092970	184192970	184142970	B3GNT5	Mbuti.Pygmies	12	0,75
70706969	70806969	70756969	OGT	North.Italy	4	0,75
62060589	62160589	62110589	B3GNT2	Papuan	4	0,75
33247013	33347013	33297013	B4GALT1	Sardinian	8	0,75
100025776	100125776	100075776	SIAT10	Sardinian	4	0,75
68831490	68931490	68881490	SIAT4B	South.China	4	0,75
33247013	33347013	33297013	B4GALT1	Yakut	8	0,75
131005942	131105942	131055942	GALNT9	Brahui	4	0,75
88638598	88738598	88688598	GALNT4	Mozabite	12	0,75
72214592	72314592	72264592	SIAT7A_B	Mozabite	12	0,75
65118701	65218701	65168701	FUT8	North.West.China	12	0,75
65801040	65901040	65851040	B3GNT1	Mbuti.Pygmies	8	0,75
33399383	33499383	33449383	FUT10	Kalash	12	0,75
11846012	11946012	11896012	GALNT18	Mozabite	16	0,75
120403382	120503382	120453382	B4GALT4	Biaka.Pygmies	24	0,75
74925452	75025452	74975452	FUT11	Adygei	4	0,75
74925452	75025452	74975452	FUT11	Balochi	4	0,75
121581370	121681370	121631370	B3GNT4	Bantu	4	0,75
75375452	75475452	75425452	FUT11	Biaka.Pygmies	12	0,75
66161040	66261040	66211040	B3GNT1	Kalash	4	0,75
76234680	76334680	76284680	B3GNT6	Sardinian	8	0,75
49731968	49831968	49781968	GALNT6	Sardinian	16	0,75
74469815	74569815	74519815	GCNT4	Yoruba	8	0,75
65058701	65158701	65108701	FUT8	North.West.China	12	0,75
17784449	17884449	17834449	SIAT8F	Russian	12	0,75
88608598	88708598	88658598	GALNT4	South.China	8	0,75
191172115	191272115	191222115	B3GALT2	Bantu	8	0,75
39488604	39588604	39538604	B3GALT5	Bantu	8	0,75
30192171	30292171	30242171	FUT12	Burusho	8	0,75
62030589	62130589	62080589	B3GNT2	Druze	8	0,75
75495452	75595452	75545452	FUT11	Mbuti.Pygmies	8	0,75
30162171	30262171	30212171	FUT12	Mbuti.Pygmies	8	0,75
50241968	50341968	50291968	GALNT6	Mbuti.Pygmies	8	0,75
174203751	174303751	174253751	GALNT7_17	Mbuti.Pygmies	16	0,75
39488604	39588604	39538604	B3GALT5	Yoruba	8	0,75
62030589	62130589	62080589	B3GNT2	Yoruba	8	0,75
100055776	100155776	100105776	SIAT10	Yoruba	8	0,75
53641528	53741528	53691528	FUT1_2	Basque	4	0,75
74049815	74149815	74099815	GCNT4	Biaka.Pygmies	8	0,75
65178701	65278701	65228701	FUT8	Maya	8	0,75
65741040	65841040	65791040	B3GNT1	Mbuti.Pygmies	8	0,75
121521370	121621370	121571370	B3GNT4	Mbuti.Pygmies	4	0,75
53641528	53741528	53691528	FUT1_2	NAN.Melanesian	4	0,75
64998701	65098701	65048701	FUT8	North.East.China	8	0,75
53641528	53741528	53691528	FUT1_2	Sardinian	4	0,75
228400183	228500183	228450183	GALNT2	Karitiana	36	0,75
96863842	96963842	96913842	FUT9	Biaka.Pygmies	16	0,75
228370183	228470183	228420183	GALNT2	Makrani	24	0,75
30596900	30696900	30646900	GALNT14	North.East.China	12	0,75
17784449	17884449	17834449	SIAT8F	Balochi	12	0,75
131005942	131105942	131055942	GALNT9	Bedouin	4	0,75
17784449	17884449	17834449	SIAT8F	Brahui	12	0,75
131005942	131105942	131055942	GALNT9	Sardinian	4	0,75
96833842	96933842	96883842	FUT9	Bantu	16	0,75
76647338	76747338	76697338	SIAT7C_E	Biaka.Pygmies	16	0,75
64998701	65098701	65048701	FUT8	Mbuti.Pygmies	8	0,75
151364698	151464698	151414698	GALNT11_15	Mbuti.Pygmies	8	0,75
228370183	228470183	228420183	GALNT2	Palestinian	24	0,75
74439815	74539815	74489815	GCNT4	French	12	0,75
44115707	44215707	44165707	SIAT6	French	12	0,75
30492171	30592171	30542171	FUT12	North.West.China	12	0,75
74679815	74779815	74729815	GCNT4	Bantu	8	0,75
62030589	62130589	62080589	B3GNT2	Biaka.Pygmies	8	0,75
96833842	96933842	96883842	FUT9	Biaka.Pygmies	16	0,75
68801490	68901490	68851490	SIAT4B	Biaka.Pygmies	4	0,75
62000589	62100589	62050589	B3GNT2	Brahui	8	0,75
68861490	68961490	68911490	SIAT4B	Brahui	4	0,75
68861490	68961490	68911490	SIAT4B	Burusho	4	0,75
33247013	33347013	33297013	B4GALT1	Han	8	0,75
68831490	68931490	68881490	SIAT4B	Hazara	4	0,75
17784449	17884449	17834449	SIAT8F	Hazara	12	0,75
100025776	100125776	100075776	SIAT10	Japanese	4	0,75
88518598	88618598	88568598	GALNT4	Mandenka	12	0,75
70706969	70806969	70756969	OGT	Maya	4	0,75
66041040	66141040	66091040	B3GNT1	Mbuti.Pygmies	8	0,75
76047338	76147338	76097338	SIAT7C_E	Mbuti.Pygmies	8	0,75
74409815	74509815	74459815	GCNT4	NAN.Melanesian	8	0,75
68607775	68707775	68657775	GALNTL1	North.East.China	8	0,75
74925452	75025452	74975452	FUT11	North.Italy	4	0,75
100025776	100125776	100075776	SIAT10	North.West.China	4	0,75
97073842	97173842	97123842	FUT9	Papuan	4	0,75
62030589	62130589	62080589	B3GNT2	Pathan	8	0,75
62060589	62160589	62110589	B3GNT2	Pima	4	0,75
68831490	68931490	68881490	SIAT4B	Russian	4	0,75
68861490	68961490	68911490	SIAT4B	Sardinian	4	0,75
70436969	70536969	70486969	OGT	Sindhi	4	0,75
96773842	96873842	96823842	FUT9	Yoruba	24	0,75
97073842	97173842	97123842	FUT9	Yoruba	8	0,75
68801490	68901490	68851490	SIAT4B	Yoruba	4	0,75
68921490	69021490	68971490	SIAT4B	Yoruba	4	0,75
33307013	33407013	33357013	B4GALT1	Biaka.Pygmies	12	0,75
76354680	76454680	76404680	B3GNT6	Biaka.Pygmies	12	0,75
66071040	66171040	66121040	B3GNT1	Mbuti.Pygmies	8	0,75
76294680	76394680	76344680	B3GNT6	Sardinian	8	0,75
65681040	65781040	65731040	B3GNT1	Yoruba	8	0,75
66071040	66171040	66121040	B3GNT1	Yoruba	8	0,75
30626900	30726900	30676900	GALNT14	Yakut	20	0,75
88518598	88618598	88568598	GALNT4	Bantu	12	0,75
121311370	121411370	121361370	B3GNT4	Mandenka	8	0,75
121281370	121381370	121331370	B3GNT4	Yoruba	8	0,75
5532265	5632265	5582265	FUT5_6	Mbuti.Pygmies	12	0,75
120103382	120203382	120153382	B4GALT4	Papuan	12	0,75
5952265	6052265	6002265	FUT5_6	Yoruba	12	0,75
88428598	88528598	88478598	GALNT4	Mbuti.Pygmies	12	0,75
33247013	33347013	33297013	B4GALT1	Balochi	8	0,75
97073842	97173842	97123842	FUT9	Mandenka	8	0,75
30072171	30172171	30122171	FUT12	Yakut	8	0,75
74925452	75025452	74975452	FUT11	Brahui	4	0,75
74925452	75025452	74975452	FUT11	French	4	0,75
74925452	75025452	74975452	FUT11	Makrani	4	0,75
68667775	68767775	68717775	GALNTL1	North.East.China	8	0,75
120163382	120263382	120213382	B4GALT4	Papuan	8	0,75
65088701	65188701	65138701	FUT8	Papuan	8	0,75
65028701	65128701	65078701	FUT8	Yakut	8	0,75
17784449	17884449	17834449	SIAT8F	Burusho	12	0,75
74439815	74539815	74489815	GCNT4	Palestinian	12	0,75
68951490	69051490	69001490	SIAT4B	Bantu	4	0,75
74925452	75025452	74975452	FUT11	Bedouin	4	0,75
68831490	68931490	68881490	SIAT4B	Brahui	4	0,75
33247013	33347013	33297013	B4GALT1	French	8	0,75
97073842	97173842	97123842	FUT9	Maya	4	0,75
64968701	65068701	65018701	FUT8	NAN.Melanesian	4	0,75
30192171	30292171	30242171	FUT12	Pathan	8	0,75
68861490	68961490	68911490	SIAT4B	Pima	4	0,75
70586969	70686969	70636969	OGT	Russian	4	0,75
30372171	30472171	30422171	FUT12	Sindhi	4	0,75
30402171	30502171	30452171	FUT12	Sindhi	4	0,75
66071040	66171040	66121040	B3GNT1	Bantu	8	0,75
68667775	68767775	68717775	GALNTL1	North.West.China	8	0,75
68667775	68767775	68717775	GALNTL1	Yakut	8	0,75
151394698	151494698	151444698	GALNT11_15	Bedouin	8	0,75
70586969	70686969	70636969	OGT	French	4	0,75
74409815	74509815	74459815	GCNT4	Surui	8	0,75
74469815	74569815	74519815	GCNT4	Surui	4	0,75
