#window.start	window.end	window.center	Gene	Population	nsnps.maf	maf,lower
151364698	151464698	151414698	GALNT11_15	Adygei	4	1,000
157882879	157982879	157932879	GALNT5	Adygei	7	1,000
69057775	69157775	69107775	GALNTL1	Adygei	9	1,000
70526969	70626969	70576969	OGT	Adygei	1	1,000
70556969	70656969	70606969	OGT	Adygei	1	1,000
70796969	70896969	70846969	OGT	Adygei	2	1,000
70856969	70956969	70906969	OGT	Adygei	1	1,000
70886969	70986969	70936969	OGT	Adygei	1	1,000
70916969	71016969	70966969	OGT	Adygei	3	1,000
151364698	151464698	151414698	GALNT11_15	Balochi	6	1,000
151394698	151494698	151444698	GALNT11_15	Balochi	7	1,000
151544698	151644698	151594698	GALNT11_15	Balochi	1	1,000
151574698	151674698	151624698	GALNT11_15	Balochi	9	1,000
70526969	70626969	70576969	OGT	Balochi	1	1,000
70556969	70656969	70606969	OGT	Balochi	1	1,000
74805452	74905452	74855452	FUT11	Basque	2	1,000
74835452	74935452	74885452	FUT11	Basque	1	1,000
74865452	74965452	74915452	FUT11	Basque	1	1,000
151364698	151464698	151414698	GALNT11_15	Basque	1	1,000
151394698	151494698	151444698	GALNT11_15	Basque	2	1,000
70466969	70566969	70516969	OGT	Basque	2	1,000
70496969	70596969	70546969	OGT	Basque	1	1,000
70526969	70626969	70576969	OGT	Basque	1	1,000
70556969	70656969	70606969	OGT	Basque	1	1,000
70586969	70686969	70636969	OGT	Basque	3	1,000
70616969	70716969	70666969	OGT	Basque	2	1,000
70646969	70746969	70696969	OGT	Basque	2	1,000
70766969	70866969	70816969	OGT	Basque	1	1,000
151364698	151464698	151414698	GALNT11_15	Bedouin	9	1,000
151394698	151494698	151444698	GALNT11_15	Bedouin	10	1,000
151544698	151644698	151594698	GALNT11_15	Bedouin	2	1,000
151574698	151674698	151624698	GALNT11_15	Bedouin	10	1,000
70466969	70566969	70516969	OGT	Bedouin	2	1,000
70496969	70596969	70546969	OGT	Bedouin	1	1,000
70526969	70626969	70576969	OGT	Bedouin	1	1,000
70556969	70656969	70606969	OGT	Bedouin	1	1,000
74805452	74905452	74855452	FUT11	Brahui	5	1,000
74835452	74935452	74885452	FUT11	Brahui	3	1,000
74865452	74965452	74915452	FUT11	Brahui	3	1,000
151364698	151464698	151414698	GALNT11_15	Brahui	6	1,000
151394698	151494698	151444698	GALNT11_15	Brahui	7	1,000
151544698	151644698	151594698	GALNT11_15	Brahui	2	1,000
70466969	70566969	70516969	OGT	Brahui	2	1,000
70496969	70596969	70546969	OGT	Brahui	1	1,000
62060589	62160589	62110589	B3GNT2	Burusho	7	1,000
62090589	62190589	62140589	B3GNT2	Burusho	5	1,000
151364698	151464698	151414698	GALNT11_15	Burusho	4	1,000
151544698	151644698	151594698	GALNT11_15	Burusho	2	1,000
70526969	70626969	70576969	OGT	Burusho	1	1,000
70556969	70656969	70606969	OGT	Burusho	1	1,000
17814449	17914449	17864449	SIAT8F	Burusho	4	1,000
64998701	65098701	65048701	FUT8	Cambodian	8	1,000
22397968	22497968	22447968	SIAT8A	Cambodian	5	1,000
191172115	191272115	191222115	B3GALT2	Colombian	1	1,000
75525452	75625452	75575452	FUT11	Colombian	4	1,000
97073842	97173842	97123842	FUT9	Colombian	3	1,000
151334698	151434698	151384698	GALNT11_15	Colombian	4	1,000
151544698	151644698	151594698	GALNT11_15	Colombian	2	1,000
68607775	68707775	68657775	GALNTL1	Colombian	5	1,000
134951015	135051015	135001015	SIAT4A	Colombian	7	1,000
72004592	72104592	72054592	SIAT7A_B	Colombian	1	1,000
17844449	17944449	17894449	SIAT8F	Colombian	1	1,000
151544698	151644698	151594698	GALNT11_15	Druze	1	1,000
70856969	70956969	70906969	OGT	Druze	1	1,000
70886969	70986969	70936969	OGT	Druze	1	1,000
70916969	71016969	70966969	OGT	Druze	2	1,000
70946969	71046969	70996969	OGT	Druze	2	1,000
74805452	74905452	74855452	FUT11	French	5	1,000
74835452	74935452	74885452	FUT11	French	3	1,000
74865452	74965452	74915452	FUT11	French	3	1,000
151364698	151464698	151414698	GALNT11_15	French	1	1,000
70526969	70626969	70576969	OGT	French	1	1,000
70556969	70656969	70606969	OGT	French	1	1,000
70586969	70686969	70636969	OGT	French	4	1,000
70616969	70716969	70666969	OGT	French	3	1,000
70646969	70746969	70696969	OGT	French	3	1,000
70796969	70896969	70846969	OGT	French	1	1,000
68607775	68707775	68657775	GALNTL1	Han	7	1,000
151544698	151644698	151594698	GALNT11_15	Hazara	2	1,000
151574698	151674698	151624698	GALNT11_15	Hazara	11	1,000
157432879	157532879	157482879	GALNT5	Hazara	8	1,000
70526969	70626969	70576969	OGT	Hazara	1	1,000
70556969	70656969	70606969	OGT	Hazara	1	1,000
30042171	30142171	30092171	FUT12	Japanese	12	1,000
68607775	68707775	68657775	GALNTL1	Japanese	7	1,000
22397968	22497968	22447968	SIAT8A	Japanese	5	1,000
22427968	22527968	22477968	SIAT8A	Japanese	4	1,000
22457968	22557968	22507968	SIAT8A	Japanese	7	1,000
22487968	22587968	22537968	SIAT8A	Japanese	6	1,000
151544698	151644698	151594698	GALNT11_15	Kalash	2	1,000
151574698	151674698	151624698	GALNT11_15	Kalash	10	1,000
70526969	70626969	70576969	OGT	Kalash	1	1,000
70556969	70656969	70606969	OGT	Kalash	1	1,000
70856969	70956969	70906969	OGT	Kalash	1	1,000
70886969	70986969	70936969	OGT	Kalash	1	1,000
70916969	71016969	70966969	OGT	Kalash	3	1,000
191172115	191272115	191222115	B3GALT2	Karitiana	1	1,000
39638604	39738604	39688604	B3GALT5	Karitiana	1	1,000
39668604	39768604	39718604	B3GALT5	Karitiana	1	1,000
39818604	39918604	39868604	B3GALT5	Karitiana	2	1,000
97073842	97173842	97123842	FUT9	Karitiana	3	1,000
31090883	31190883	31140883	GALNT1	Karitiana	11	1,000
31120883	31220883	31170883	GALNT1	Karitiana	10	1,000
44385707	44485707	44435707	SIAT6	Karitiana	3	1,000
44415707	44515707	44465707	SIAT6	Karitiana	3	1,000
44445707	44545707	44495707	SIAT6	Karitiana	4	1,000
44475707	44575707	44525707	SIAT6	Karitiana	2	1,000
71704592	71804592	71754592	SIAT7A_B	Karitiana	6	1,000
151364698	151464698	151414698	GALNT11_15	Makrani	7	1,000
151394698	151494698	151444698	GALNT11_15	Makrani	8	1,000
151544698	151644698	151594698	GALNT11_15	Makrani	1	1,000
70466969	70566969	70516969	OGT	Makrani	2	1,000
70496969	70596969	70546969	OGT	Makrani	1	1,000
70526969	70626969	70576969	OGT	Makrani	1	1,000
70556969	70656969	70606969	OGT	Makrani	1	1,000
74925452	75025452	74975452	FUT11	Mandenka	1	1,000
70376969	70476969	70426969	OGT	Mandenka	2	1,000
17814449	17914449	17864449	SIAT8F	Mandenka	4	1,000
65861040	65961040	65911040	B3GNT1	Maya	6	1,000
66131040	66231040	66181040	B3GNT1	Maya	3	1,000
66161040	66261040	66211040	B3GNT1	Maya	4	1,000
94173691	94273691	94223691	FUT4	Maya	8	1,000
70376969	70476969	70426969	OGT	Maya	1	1,000
70406969	70506969	70456969	OGT	Maya	1	1,000
70436969	70536969	70486969	OGT	Maya	1	1,000
70526969	70626969	70576969	OGT	Maya	1	1,000
70556969	70656969	70606969	OGT	Maya	1	1,000
22397968	22497968	22447968	SIAT8A	Maya	6	1,000
119847737	119947737	119897737	C1GALT1C1	Mbuti.Pygmies	1	1,000
74805452	74905452	74855452	FUT11	Mbuti.Pygmies	3	1,000
74835452	74935452	74885452	FUT11	Mbuti.Pygmies	2	1,000
74865452	74965452	74915452	FUT11	Mbuti.Pygmies	2	1,000
74895452	74995452	74945452	FUT11	Mbuti.Pygmies	2	1,000
74529815	74629815	74579815	GCNT4	Mbuti.Pygmies	2	1,000
68861490	68961490	68911490	SIAT4B	Mbuti.Pygmies	2	1,000
68891490	68991490	68941490	SIAT4B	Mbuti.Pygmies	2	1,000
17814449	17914449	17864449	SIAT8F	Mbuti.Pygmies	1	1,000
74835452	74935452	74885452	FUT11	Mozabite	1	1,000
74865452	74965452	74915452	FUT11	Mozabite	1	1,000
74895452	74995452	74945452	FUT11	Mozabite	1	1,000
74925452	75025452	74975452	FUT11	Mozabite	1	1,000
74955452	75055452	75005452	FUT11	Mozabite	2	1,000
70376969	70476969	70426969	OGT	Mozabite	2	1,000
70406969	70506969	70456969	OGT	Mozabite	3	1,000
70436969	70536969	70486969	OGT	Mozabite	4	1,000
70466969	70566969	70516969	OGT	Mozabite	2	1,000
70496969	70596969	70546969	OGT	Mozabite	1	1,000
191592115	191692115	191642115	B3GALT2	NAN.Melanesian	2	1,000
75105452	75205452	75155452	FUT11	NAN.Melanesian	2	1,000
45799454	45899454	45849454	FUT13	NAN.Melanesian	8	1,000
138894524	138994524	138944524	FUT7	NAN.Melanesian	1	1,000
138924524	139024524	138974524	FUT7	NAN.Melanesian	1	1,000
64998701	65098701	65048701	FUT8	NAN.Melanesian	2	1,000
151364698	151464698	151414698	GALNT11_15	NAN.Melanesian	4	1,000
151394698	151494698	151444698	GALNT11_15	NAN.Melanesian	4	1,000
151544698	151644698	151594698	GALNT11_15	NAN.Melanesian	2	1,000
68667775	68767775	68717775	GALNTL1	NAN.Melanesian	4	1,000
134951015	135051015	135001015	SIAT4A	NAN.Melanesian	4	1,000
68681490	68781490	68731490	SIAT4B	NAN.Melanesian	1	1,000
72244592	72344592	72294592	SIAT7A_B	NAN.Melanesian	12	1,000
75105452	75205452	75155452	FUT11	North.East.China	4	1,000
157882879	157982879	157932879	GALNT5	North.East.China	10	1,000
22397968	22497968	22447968	SIAT8A	North.East.China	5	1,000
151364698	151464698	151414698	GALNT11_15	North.Italy	4	1,000
151544698	151644698	151594698	GALNT11_15	North.Italy	2	1,000
70796969	70896969	70846969	OGT	North.Italy	1	1,000
70856969	70956969	70906969	OGT	North.Italy	1	1,000
70886969	70986969	70936969	OGT	North.Italy	1	1,000
70916969	71016969	70966969	OGT	North.Italy	3	1,000
70946969	71046969	70996969	OGT	North.Italy	6	1,000
22397968	22497968	22447968	SIAT8A	North.West.China	3	1,000
157882879	157982879	157932879	GALNT5	Orcadian	6	1,000
70526969	70626969	70576969	OGT	Orcadian	1	1,000
70556969	70656969	70606969	OGT	Orcadian	1	1,000
70586969	70686969	70636969	OGT	Orcadian	1	1,000
70796969	70896969	70846969	OGT	Orcadian	1	1,000
70856969	70956969	70906969	OGT	Orcadian	1	1,000
70886969	70986969	70936969	OGT	Orcadian	1	1,000
70916969	71016969	70966969	OGT	Orcadian	3	1,000
70946969	71046969	70996969	OGT	Orcadian	3	1,000
70976969	71076969	71026969	OGT	Orcadian	5	1,000
71006969	71106969	71056969	OGT	Orcadian	8	1,000
74925452	75025452	74975452	FUT11	Palestinian	3	1,000
74955452	75055452	75005452	FUT11	Palestinian	3	1,000
151364698	151464698	151414698	GALNT11_15	Palestinian	6	1,000
151394698	151494698	151444698	GALNT11_15	Palestinian	8	1,000
151544698	151644698	151594698	GALNT11_15	Palestinian	2	1,000
157882879	157982879	157932879	GALNT5	Palestinian	8	1,000
70466969	70566969	70516969	OGT	Palestinian	2	1,000
70496969	70596969	70546969	OGT	Palestinian	1	1,000
70526969	70626969	70576969	OGT	Palestinian	1	1,000
70556969	70656969	70606969	OGT	Palestinian	1	1,000
191172115	191272115	191222115	B3GALT2	Papuan	1	1,000
191202115	191302115	191252115	B3GALT2	Papuan	1	1,000
191232115	191332115	191282115	B3GALT2	Papuan	1	1,000
191262115	191362115	191312115	B3GALT2	Papuan	1	1,000
191742115	191842115	191792115	B3GALT2	Papuan	6	1,000
75105452	75205452	75155452	FUT11	Papuan	1	1,000
93723691	93823691	93773691	FUT4	Papuan	6	1,000
93753691	93853691	93803691	FUT4	Papuan	8	1,000
93783691	93883691	93833691	FUT4	Papuan	9	1,000
93813691	93913691	93863691	FUT4	Papuan	13	1,000
93843691	93943691	93893691	FUT4	Papuan	12	1,000
93873691	93973691	93923691	FUT4	Papuan	9	1,000
138834524	138934524	138884524	FUT7	Papuan	7	1,000
138864524	138964524	138914524	FUT7	Papuan	7	1,000
138894524	138994524	138944524	FUT7	Papuan	8	1,000
138924524	139024524	138974524	FUT7	Papuan	7	1,000
64998701	65098701	65048701	FUT8	Papuan	5	1,000
157432879	157532879	157482879	GALNT5	Papuan	6	1,000
157462879	157562879	157512879	GALNT5	Papuan	5	1,000
157492879	157592879	157542879	GALNT5	Papuan	6	1,000
158002879	158102879	158052879	GALNT5	Papuan	1	1,000
158032879	158132879	158082879	GALNT5	Papuan	1	1,000
134441015	134541015	134491015	SIAT4A	Papuan	2	1,000
68771490	68871490	68821490	SIAT4B	Papuan	2	1,000
68801490	68901490	68851490	SIAT4B	Papuan	2	1,000
68831490	68931490	68881490	SIAT4B	Papuan	3	1,000
151364698	151464698	151414698	GALNT11_15	Pathan	4	1,000
151394698	151494698	151444698	GALNT11_15	Pathan	5	1,000
151544698	151644698	151594698	GALNT11_15	Pathan	2	1,000
151574698	151674698	151624698	GALNT11_15	Pathan	11	1,000
70466969	70566969	70516969	OGT	Pathan	2	1,000
70496969	70596969	70546969	OGT	Pathan	1	1,000
39638604	39738604	39688604	B3GALT5	Pima	10	1,000
39668604	39768604	39718604	B3GALT5	Pima	16	1,000
39698604	39798604	39748604	B3GALT5	Pima	13	1,000
39728604	39828604	39778604	B3GALT5	Pima	17	1,000
39758604	39858604	39808604	B3GALT5	Pima	17	1,000
65861040	65961040	65911040	B3GNT1	Pima	1	1,000
65891040	65991040	65941040	B3GNT1	Pima	2	1,000
65921040	66021040	65971040	B3GNT1	Pima	7	1,000
66131040	66231040	66181040	B3GNT1	Pima	3	1,000
66161040	66261040	66211040	B3GNT1	Pima	3	1,000
7526187	7626187	7576187	C1GALT1	Pima	9	1,000
33399383	33499383	33449383	FUT10	Pima	9	1,000
33429383	33529383	33479383	FUT10	Pima	7	1,000
74805452	74905452	74855452	FUT11	Pima	4	1,000
74835452	74935452	74885452	FUT11	Pima	3	1,000
74865452	74965452	74915452	FUT11	Pima	3	1,000
74895452	74995452	74945452	FUT11	Pima	3	1,000
74925452	75025452	74975452	FUT11	Pima	2	1,000
74955452	75055452	75005452	FUT11	Pima	2	1,000
6012265	6112265	6062265	FUT5_6	Pima	7	1,000
6042265	6142265	6092265	FUT5_6	Pima	7	1,000
228160183	228260183	228210183	GALNT2	Pima	8	1,000
157882879	157982879	157932879	GALNT5	Pima	4	1,000
100025776	100125776	100075776	SIAT10	Pima	2	1,000
100055776	100155776	100105776	SIAT10	Pima	3	1,000
100085776	100185776	100135776	SIAT10	Pima	4	1,000
70616969	70716969	70666969	OGT	Russian	3	1,000
70646969	70746969	70696969	OGT	Russian	3	1,000
70796969	70896969	70846969	OGT	Russian	2	1,000
74835452	74935452	74885452	FUT11	Sardinian	3	1,000
74865452	74965452	74915452	FUT11	Sardinian	3	1,000
74895452	74995452	74945452	FUT11	Sardinian	3	1,000
74925452	75025452	74975452	FUT11	Sardinian	2	1,000
74955452	75055452	75005452	FUT11	Sardinian	3	1,000
151364698	151464698	151414698	GALNT11_15	Sardinian	4	1,000
70616969	70716969	70666969	OGT	Sardinian	3	1,000
70646969	70746969	70696969	OGT	Sardinian	3	1,000
70946969	71046969	70996969	OGT	Sardinian	1	1,000
70976969	71076969	71026969	OGT	Sardinian	4	1,000
71006969	71106969	71056969	OGT	Sardinian	6	1,000
151544698	151644698	151594698	GALNT11_15	Sindhi	2	1,000
70526969	70626969	70576969	OGT	Sindhi	1	1,000
70556969	70656969	70606969	OGT	Sindhi	1	1,000
30012171	30112171	30062171	FUT12	South.China	13	1,000
30042171	30142171	30092171	FUT12	South.China	13	1,000
151544698	151644698	151594698	GALNT11_15	South.China	2	1,000
151574698	151674698	151624698	GALNT11_15	South.China	11	1,000
68607775	68707775	68657775	GALNTL1	South.China	7	1,000
22397968	22497968	22447968	SIAT8A	South.China	5	1,000
191172115	191272115	191222115	B3GALT2	Surui	1	1,000
33127013	33227013	33177013	B4GALT1	Surui	10	1,000
159521585	159621585	159571585	B4GALT3	Surui	1	1,000
119427737	119527737	119477737	C1GALT1C1	Surui	1	1,000
119457737	119557737	119507737	C1GALT1C1	Surui	1	1,000
74805452	74905452	74855452	FUT11	Surui	4	1,000
74835452	74935452	74885452	FUT11	Surui	3	1,000
74865452	74965452	74915452	FUT11	Surui	3	1,000
74895452	74995452	74945452	FUT11	Surui	3	1,000
74925452	75025452	74975452	FUT11	Surui	2	1,000
74955452	75055452	75005452	FUT11	Surui	2	1,000
75105452	75205452	75155452	FUT11	Surui	1	1,000
75135452	75235452	75185452	FUT11	Surui	5	1,000
75165452	75265452	75215452	FUT11	Surui	6	1,000
75195452	75295452	75245452	FUT11	Surui	7	1,000
75225452	75325452	75275452	FUT11	Surui	8	1,000
75255452	75355452	75305452	FUT11	Surui	8	1,000
94173691	94273691	94223691	FUT4	Surui	7	1,000
6072265	6172265	6122265	FUT5_6	Surui	1	1,000
6102265	6202265	6152265	FUT5_6	Surui	1	1,000
6132265	6232265	6182265	FUT5_6	Surui	1	1,000
153425529	153525529	153475529	GALNT10	Surui	7	1,000
153455529	153555529	153505529	GALNT10	Surui	10	1,000
151334698	151434698	151384698	GALNT11_15	Surui	4	1,000
151364698	151464698	151414698	GALNT11_15	Surui	3	1,000
151394698	151494698	151444698	GALNT11_15	Surui	3	1,000
151424698	151524698	151474698	GALNT11_15	Surui	5	1,000
151454698	151554698	151504698	GALNT11_15	Surui	7	1,000
151484698	151584698	151534698	GALNT11_15	Surui	5	1,000
151514698	151614698	151564698	GALNT11_15	Surui	3	1,000
151544698	151644698	151594698	GALNT11_15	Surui	2	1,000
151574698	151674698	151624698	GALNT11_15	Surui	9	1,000
151604698	151704698	151654698	GALNT11_15	Surui	12	1,000
151634698	151734698	151684698	GALNT11_15	Surui	11	1,000
100842055	100942055	100892055	GALNT12	Surui	16	1,000
100872055	100972055	100922055	GALNT12	Surui	9	1,000
11576012	11676012	11626012	GALNT18	Surui	1	1,000
11666012	11766012	11716012	GALNT18	Surui	4	1,000
157732879	157832879	157782879	GALNT5	Surui	1	1,000
49911968	50011968	49961968	GALNT6	Surui	9	1,000
174203751	174303751	174253751	GALNT7_17	Surui	2	1,000
174233751	174333751	174283751	GALNT7_17	Surui	5	1,000
174263751	174363751	174313751	GALNT7_17	Surui	10	1,000
174293751	174393751	174343751	GALNT7_17	Surui	16	1,000
174323751	174423751	174373751	GALNT7_17	Surui	11	1,000
74379815	74479815	74429815	GCNT4	Surui	7	1,000
74409815	74509815	74459815	GCNT4	Surui	8	1,000
74439815	74539815	74489815	GCNT4	Surui	7	1,000
74469815	74569815	74519815	GCNT4	Surui	4	1,000
74499815	74599815	74549815	GCNT4	Surui	1	1,000
74529815	74629815	74579815	GCNT4	Surui	2	1,000
100295776	100395776	100345776	SIAT10	Surui	6	1,000
129831436	129931436	129881436	SIAT7D_F	Surui	3	1,000
129951436	130051436	130001436	SIAT7D_F	Surui	1	1,000
129981436	130081436	130031436	SIAT7D_F	Surui	2	1,000
130011436	130111436	130061436	SIAT7D_F	Surui	3	1,000
22157968	22257968	22207968	SIAT8A	Surui	1	1,000
17214449	17314449	17264449	SIAT8F	Surui	9	1,000
17244449	17344449	17294449	SIAT8F	Surui	3	1,000
17274449	17374449	17324449	SIAT8F	Surui	1	1,000
17304449	17404449	17354449	SIAT8F	Surui	1	1,000
157882879	157982879	157932879	GALNT5	Yakut	9	1,000
68547775	68647775	68597775	GALNTL1	Yakut	11	1,000
68577775	68677775	68627775	GALNTL1	Yakut	8	1,000
68607775	68707775	68657775	GALNTL1	Yakut	7	1,000
70376969	70476969	70426969	OGT	Yakut	1	1,000
70406969	70506969	70456969	OGT	Yakut	1	1,000
70436969	70536969	70486969	OGT	Yakut	1	1,000
22397968	22497968	22447968	SIAT8A	Yakut	5	1,000
70376969	70476969	70426969	OGT	Yoruba	1	1,000
70406969	70506969	70456969	OGT	Yoruba	2	1,000
76377338	76477338	76427338	SIAT7C_E	Papuan	23	0,957
39668604	39768604	39718604	B3GALT5	Papuan	20	0,950
165916007	166016007	165966007	GALNT3	Papuan	19	0,947
153485529	153585529	153535529	GALNT10	Surui	19	0,947
153515529	153615529	153565529	GALNT10	Surui	19	0,947
157432879	157532879	157482879	GALNT5	Russian	16	0,938
17184449	17284449	17234449	SIAT8F	Surui	16	0,938
57804828	57904828	57854828	GCNT3	Karitiana	15	0,933
76407338	76507338	76457338	SIAT7C_E	Karitiana	15	0,933
157912879	158012879	157962879	GALNT5	North.Italy	15	0,933
39638604	39738604	39688604	B3GALT5	Papuan	15	0,933
158032879	158132879	158082879	GALNT5	Burusho	14	0,929
151604698	151704698	151654698	GALNT11_15	Hazara	14	0,929
157912879	158012879	157962879	GALNT5	Japanese	14	0,929
158032879	158132879	158082879	GALNT5	North.East.China	14	0,929
151604698	151704698	151654698	GALNT11_15	Pathan	14	0,929
69311490	69411490	69361490	SIAT4B	Pima	14	0,929
151604698	151704698	151654698	GALNT11_15	South.China	14	0,929
151604698	151704698	151654698	GALNT11_15	Bedouin	13	0,923
151634698	151734698	151684698	GALNT11_15	Bedouin	13	0,923
151634698	151734698	151684698	GALNT11_15	Hazara	13	0,923
151604698	151704698	151654698	GALNT11_15	Kalash	13	0,923
151634698	151734698	151684698	GALNT11_15	Pathan	13	0,923
129711436	129811436	129761436	SIAT7D_F	Sardinian	13	0,923
151634698	151734698	151684698	GALNT11_15	South.China	13	0,923
151604698	151704698	151654698	GALNT11_15	Balochi	12	0,917
151634698	151734698	151684698	GALNT11_15	Balochi	12	0,917
157912879	158012879	157962879	GALNT5	Basque	12	0,917
172853751	172953751	172903751	GALNT7_17	Hazara	12	0,917
29982171	30082171	30032171	FUT12	Japanese	12	0,917
30012171	30112171	30062171	FUT12	Japanese	12	0,917
151634698	151734698	151684698	GALNT11_15	Kalash	12	0,917
7526187	7626187	7576187	C1GALT1	Karitiana	12	0,917
158062879	158162879	158112879	GALNT5	North.East.China	12	0,917
29982171	30082171	30032171	FUT12	South.China	12	0,917
157852879	157952879	157902879	GALNT5	Basque	11	0,909
228070183	228170183	228120183	GALNT2	Druze	11	0,909
172853751	172953751	172903751	GALNT7_17	Druze	11	0,909
33217013	33317013	33267013	B4GALT1	Han	11	0,909
57954828	58054828	58004828	GCNT3	Karitiana	11	0,909
64578701	64678701	64628701	FUT8	Maya	11	0,909
30042171	30142171	30092171	FUT12	Pima	11	0,909
158062879	158162879	158112879	GALNT5	South.China	11	0,909
17154449	17254449	17204449	SIAT8F	Surui	21	0,905
157882879	157982879	157932879	GALNT5	Basque	10	0,900
151574698	151674698	151624698	GALNT11_15	Brahui	10	0,900
157882879	157982879	157932879	GALNT5	Brahui	10	0,900
151574698	151674698	151624698	GALNT11_15	Burusho	10	0,900
228100183	228200183	228150183	GALNT2	Druze	10	0,900
158062879	158162879	158112879	GALNT5	Han	10	0,900
71734592	71834592	71784592	SIAT7A_B	Karitiana	10	0,900
65921040	66021040	65971040	B3GNT1	Maya	10	0,900
151574698	151674698	151624698	GALNT11_15	NAN.Melanesian	10	0,900
22517968	22617968	22567968	SIAT8A	North.East.China	10	0,900
151574698	151674698	151624698	GALNT11_15	North.Italy	10	0,900
157882879	157982879	157932879	GALNT5	North.Italy	10	0,900
157882879	157982879	157932879	GALNT5	North.West.China	10	0,900
151574698	151674698	151624698	GALNT11_15	Palestinian	10	0,900
151574698	151674698	151624698	GALNT11_15	Sindhi	10	0,900
157852879	157952879	157902879	GALNT5	Sindhi	10	0,900
69087775	69187775	69137775	GALNTL1	Adygei	9	0,889
191172115	191272115	191222115	B3GALT2	Bedouin	9	0,889
70976969	71076969	71026969	OGT	Biaka.Pygmies	9	0,889
62030589	62130589	62080589	B3GNT2	Burusho	9	0,889
64968701	65068701	65018701	FUT8	Cambodian	9	0,889
100902055	101002055	100952055	GALNT12	Colombian	9	0,889
71006969	71106969	71056969	OGT	French	9	0,889
157882879	157982879	157932879	GALNT5	Han	9	0,889
157882879	157982879	157932879	GALNT5	Japanese	9	0,889
22607968	22707968	22657968	SIAT8A	Japanese	9	0,889
151574698	151674698	151624698	GALNT11_15	Makrani	9	0,889
22457968	22557968	22507968	SIAT8A	North.East.China	9	0,889
22547968	22647968	22597968	SIAT8A	North.East.China	9	0,889
70976969	71076969	71026969	OGT	North.Italy	9	0,889
173303751	173403751	173353751	GALNT7_17	Papuan	9	0,889
134141015	134241015	134191015	SIAT4A	Pima	18	0,889
157882879	157982879	157932879	GALNT5	South.China	9	0,889
158032879	158132879	158082879	GALNT5	South.China	9	0,889
153545529	153645529	153595529	GALNT10	Surui	18	0,889
68637775	68737775	68687775	GALNTL1	Yakut	9	0,889
68667775	68767775	68717775	GALNTL1	Yakut	9	0,889
32737013	32837013	32787013	B4GALT1	North.East.China	26	0,885
158002879	158102879	158052879	GALNT5	Burusho	17	0,882
158002879	158102879	158052879	GALNT5	North.East.China	17	0,882
17124449	17224449	17174449	SIAT8F	Surui	17	0,882
68517775	68617775	68567775	GALNTL1	Yakut	17	0,882
157882879	157982879	157932879	GALNT5	Bedouin	8	0,875
62000589	62100589	62050589	B3GNT2	Burusho	8	0,875
61880589	61980589	61930589	B3GNT2	Colombian	8	0,875
100932055	101032055	100982055	GALNT12	Colombian	8	0,875
158032879	158132879	158082879	GALNT5	Han	8	0,875
131035942	131135942	131085942	GALNT9	Han	8	0,875
68577775	68677775	68627775	GALNTL1	Han	8	0,875
77367338	77467338	77417338	SIAT7C_E	Han	8	0,875
22397968	22497968	22447968	SIAT8A	Han	8	0,875
22607968	22707968	22657968	SIAT8A	Han	8	0,875
68637775	68737775	68687775	GALNTL1	Japanese	8	0,875
69057775	69157775	69107775	GALNTL1	Kalash	8	0,875
228160183	228260183	228210183	GALNT2	Karitiana	8	0,875
22367968	22467968	22417968	SIAT8A	Maya	8	0,875
22487968	22587968	22537968	SIAT8A	North.East.China	8	0,875
22397968	22497968	22447968	SIAT8A	Palestinian	8	0,875
157882879	157982879	157932879	GALNT5	Pathan	8	0,875
39608604	39708604	39658604	B3GALT5	Pima	16	0,875
5952265	6052265	6002265	FUT5_6	Pima	8	0,875
68577775	68677775	68627775	GALNTL1	South.China	8	0,875
75285452	75385452	75335452	FUT11	Surui	8	0,875
153605529	153705529	153655529	GALNT10	Surui	16	0,875
100902055	101002055	100952055	GALNT12	Surui	8	0,875
100932055	101032055	100982055	GALNT12	Surui	8	0,875
131035942	131135942	131085942	GALNT9	Yakut	8	0,875
22367968	22467968	22417968	SIAT8A	Yakut	8	0,875
134141015	134241015	134191015	SIAT4A	NAN.Melanesian	15	0,867
72274592	72374592	72324592	SIAT7A_B	NAN.Melanesian	15	0,867
157912879	158012879	157962879	GALNT5	North.East.China	15	0,867
165946007	166046007	165996007	GALNT3	Papuan	22	0,864
157852879	157952879	157902879	GALNT5	Adygei	7	0,857
75495452	75595452	75545452	FUT11	Colombian	7	0,857
100962055	101062055	101012055	GALNT12	Colombian	7	0,857
131065942	131165942	131115942	GALNT9	Colombian	7	0,857
72274592	72374592	72324592	SIAT7A_B	Colombian	7	0,857
157882879	157982879	157932879	GALNT5	French	7	0,857
70976969	71076969	71026969	OGT	French	7	0,857
119457737	119557737	119507737	C1GALT1C1	Karitiana	7	0,857
53132681	53232681	53182681	SIAT8C	North.Italy	28	0,857
30072171	30172171	30122171	FUT12	North.West.China	14	0,857
131065942	131165942	131115942	GALNT9	Orcadian	7	0,857
228070183	228170183	228120183	GALNT2	Palestinian	14	0,857
33549383	33649383	33599383	FUT10	Pima	7	0,857
100115776	100215776	100165776	SIAT10	Pima	7	0,857
75165452	75265452	75215452	FUT11	Sardinian	7	0,857
157852879	157952879	157902879	GALNT5	Sardinian	7	0,857
157912879	158012879	157962879	GALNT5	Sindhi	14	0,857
167982253	168082253	168032253	B3GALT1	South.China	7	0,857
33579383	33679383	33629383	FUT10	Surui	7	0,857
100812055	100912055	100862055	GALNT12	Surui	21	0,857
100962055	101062055	101012055	GALNT12	Surui	7	0,857
174353751	174453751	174403751	GALNT7_17	Surui	7	0,857
131065942	131165942	131115942	GALNT9	Surui	7	0,857
158032879	158132879	158082879	GALNT5	Yakut	14	0,857
131065942	131165942	131115942	GALNT9	Yakut	7	0,857
100782055	100882055	100832055	GALNT12	Surui	27	0,852
32737013	32837013	32787013	B4GALT1	Japanese	20	0,850
228070183	228170183	228120183	GALNT2	Bedouin	13	0,846
151604698	151704698	151654698	GALNT11_15	Brahui	13	0,846
151634698	151734698	151684698	GALNT11_15	Brahui	13	0,846
151604698	151704698	151654698	GALNT11_15	Burusho	13	0,846
30012171	30112171	30062171	FUT12	Han	13	0,846
30042171	30142171	30092171	FUT12	Han	13	0,846
31150883	31250883	31200883	GALNT1	Karitiana	13	0,846
151604698	151704698	151654698	GALNT11_15	NAN.Melanesian	13	0,846
151604698	151704698	151654698	GALNT11_15	North.Italy	13	0,846
71006969	71106969	71056969	OGT	North.Italy	13	0,846
151604698	151704698	151654698	GALNT11_15	Palestinian	13	0,846
151634698	151734698	151684698	GALNT11_15	Palestinian	13	0,846
228100183	228200183	228150183	GALNT2	Palestinian	13	0,846
65951040	66051040	66001040	B3GNT1	Pima	13	0,846
151604698	151704698	151654698	GALNT11_15	Sindhi	13	0,846
228160183	228260183	228210183	GALNT2	Druze	19	0,842
157942879	158042879	157992879	GALNT5	North.East.China	19	0,842
153785529	153885529	153835529	GALNT10	Pima	19	0,842
32737013	32837013	32787013	B4GALT1	South.China	19	0,842
157972879	158072879	158022879	GALNT5	Adygei	24	0,833
191172115	191272115	191222115	B3GALT2	Balochi	6	0,833
157912879	158012879	157962879	GALNT5	Bedouin	12	0,833
70946969	71046969	70996969	OGT	Biaka.Pygmies	6	0,833
119487737	119587737	119537737	C1GALT1C1	Brahui	6	0,833
151634698	151734698	151684698	GALNT11_15	Burusho	12	0,833
33217013	33317013	33267013	B4GALT1	Colombian	6	0,833
96953842	97053842	97003842	FUT9	Colombian	12	0,833
96983842	97083842	97033842	FUT9	Colombian	6	0,833
134921015	135021015	134971015	SIAT4A	Colombian	6	0,833
72244592	72344592	72294592	SIAT7A_B	Colombian	6	0,833
151364698	151464698	151414698	GALNT11_15	Druze	6	0,833
151394698	151494698	151444698	GALNT11_15	Druze	6	0,833
228130183	228230183	228180183	GALNT2	Druze	18	0,833
53641528	53741528	53691528	FUT1_2	French	6	0,833
22397968	22497968	22447968	SIAT8A	French	6	0,833
68637775	68737775	68687775	GALNTL1	Han	6	0,833
191172115	191272115	191222115	B3GALT2	Hazara	6	0,833
68667775	68767775	68717775	GALNTL1	Japanese	6	0,833
70946969	71046969	70996969	OGT	Kalash	6	0,833
96953842	97053842	97003842	FUT9	Karitiana	12	0,833
96983842	97083842	97033842	FUT9	Karitiana	6	0,833
69311490	69411490	69361490	SIAT4B	Karitiana	12	0,833
151604698	151704698	151654698	GALNT11_15	Makrani	12	0,833
151634698	151734698	151684698	GALNT11_15	Makrani	12	0,833
159311585	159411585	159361585	B4GALT3	Mandenka	6	0,833
65891040	65991040	65941040	B3GNT1	Maya	6	0,833
94203691	94303691	94253691	FUT4	Maya	6	0,833
69311490	69411490	69361490	SIAT4B	Maya	12	0,833
69071490	69171490	69121490	SIAT4B	Mbuti.Pygmies	6	0,833
151634698	151734698	151684698	GALNT11_15	NAN.Melanesian	12	0,833
157882879	157982879	157932879	GALNT5	NAN.Melanesian	6	0,833
72214592	72314592	72264592	SIAT7A_B	NAN.Melanesian	6	0,833
157972879	158072879	158022879	GALNT5	North.East.China	24	0,833
68517775	68617775	68567775	GALNTL1	North.East.China	24	0,833
151634698	151734698	151684698	GALNT11_15	North.Italy	12	0,833
191172115	191272115	191222115	B3GALT2	North.West.China	6	0,833
22427968	22527968	22477968	SIAT8A	Palestinian	6	0,833
75165452	75265452	75215452	FUT11	Papuan	6	0,833
75525452	75625452	75575452	FUT11	Papuan	6	0,833
64968701	65068701	65018701	FUT8	Papuan	6	0,833
88548598	88648598	88598598	GALNT4	Papuan	6	0,833
22397968	22497968	22447968	SIAT8A	Pathan	6	0,833
33579383	33679383	33629383	FUT10	Pima	6	0,833
5982265	6082265	6032265	FUT5_6	Pima	6	0,833
228130183	228230183	228180183	GALNT2	Pima	6	0,833
191172115	191272115	191222115	B3GALT2	Russian	6	0,833
120103382	120203382	120153382	B4GALT4	Russian	12	0,833
151634698	151734698	151684698	GALNT11_15	Sindhi	12	0,833
68637775	68737775	68687775	GALNTL1	South.China	6	0,833
153815529	153915529	153865529	GALNT10	Surui	12	0,833
131035942	131135942	131085942	GALNT9	Surui	6	0,833
158062879	158162879	158112879	GALNT5	Yakut	12	0,833
158182879	158282879	158232879	GALNT5	Yakut	12	0,833
99815776	99915776	99865776	SIAT10	Yakut	12	0,833
71037650	71137650	71087650	WBSCR17	Karitiana	17	0,824
228160183	228260183	228210183	GALNT2	Maya	17	0,824
153815529	153915529	153865529	GALNT10	Pima	17	0,824
4453650	4553650	4503650	GALNT8	Pima	17	0,824
153575529	153675529	153625529	GALNT10	Surui	17	0,824
31286900	31386900	31336900	GALNT14	NAN.Melanesian	28	0,821
157912879	158012879	157962879	GALNT5	Adygei	11	0,818
151334698	151434698	151384698	GALNT11_15	Bedouin	11	0,818
228100183	228200183	228150183	GALNT2	Bedouin	11	0,818
157852879	157952879	157902879	GALNT5	Brahui	11	0,818
68967775	69067775	69017775	GALNTL1	Cambodian	11	0,818
43605707	43705707	43655707	SIAT6	Han	11	0,818
65028701	65128701	65078701	FUT8	Hazara	11	0,818
172823751	172923751	172873751	GALNT7_17	Hazara	11	0,818
153455529	153555529	153505529	GALNT10	Japanese	11	0,818
158182879	158282879	158232879	GALNT5	Japanese	11	0,818
93573691	93673691	93623691	FUT4	Karitiana	11	0,818
228190183	228290183	228240183	GALNT2	Karitiana	11	0,818
30192171	30292171	30242171	FUT12	Sindhi	11	0,818
43605707	43705707	43655707	SIAT6	South.China	11	0,818
100235776	100335776	100285776	SIAT10	Surui	11	0,818
100265776	100365776	100315776	SIAT10	Surui	11	0,818
68697775	68797775	68747775	GALNTL1	Yakut	11	0,818
94083691	94183691	94133691	FUT4	Bedouin	16	0,813
157432879	157532879	157482879	GALNT5	French	16	0,813
50361968	50461968	50411968	GALNT6	Maya	16	0,813
30042171	30142171	30092171	FUT12	North.West.China	16	0,813
165976007	166076007	166026007	GALNT3	Papuan	21	0,810
228100183	228200183	228150183	GALNT2	Balochi	10	0,800
172883751	172983751	172933751	GALNT7_17	Basque	10	0,800
68981490	69081490	69031490	SIAT4B	Bedouin	5	0,800
74985452	75085452	75035452	FUT11	Brahui	5	0,800
151394698	151494698	151444698	GALNT11_15	Burusho	5	0,800
45829454	45929454	45879454	FUT13	Cambodian	10	0,800
22457968	22557968	22507968	SIAT8A	Cambodian	5	0,800
22487968	22587968	22537968	SIAT8A	Cambodian	5	0,800
68637775	68737775	68687775	GALNTL1	Colombian	5	0,800
172823751	172923751	172873751	GALNT7_17	Druze	10	0,800
172883751	172983751	172933751	GALNT7_17	French	10	0,800
129711436	129811436	129761436	SIAT7D_F	French	10	0,800
22427968	22527968	22477968	SIAT8A	French	5	0,800
32737013	32837013	32787013	B4GALT1	Han	15	0,800
30072171	30172171	30122171	FUT12	Han	10	0,800
131005942	131105942	131055942	GALNT9	Han	5	0,800
68547775	68647775	68597775	GALNTL1	Han	10	0,800
17814449	17914449	17864449	SIAT8F	Han	5	0,800
64998701	65098701	65048701	FUT8	Hazara	10	0,800
99770916	99870916	99820916	SIAT8D	Japanese	5	0,800
17814449	17914449	17864449	SIAT8F	Japanese	5	0,800
33217013	33317013	33267013	B4GALT1	Kalash	5	0,800
151394698	151494698	151444698	GALNT11_15	Kalash	5	0,800
158032879	158132879	158082879	GALNT5	Kalash	10	0,800
121581370	121681370	121631370	B3GNT4	Karitiana	5	0,800
7316187	7416187	7366187	C1GALT1	Karitiana	25	0,800
31180883	31280883	31230883	GALNT1	Karitiana	15	0,800
154339031	154439031	154389031	GALNT13	Karitiana	5	0,800
44355707	44455707	44405707	SIAT6	Karitiana	5	0,800
94143691	94243691	94193691	FUT4	Maya	10	0,800
191172115	191272115	191222115	B3GALT2	Mozabite	5	0,800
159581585	159681585	159631585	B4GALT3	NAN.Melanesian	5	0,800
75225452	75325452	75275452	FUT11	NAN.Melanesian	5	0,800
75525452	75625452	75575452	FUT11	NAN.Melanesian	5	0,800
138954524	139054524	139004524	FUT7	NAN.Melanesian	5	0,800
151334698	151434698	151384698	GALNT11_15	NAN.Melanesian	5	0,800
173573751	173673751	173623751	GALNT7_17	NAN.Melanesian	10	0,800
68637775	68737775	68687775	GALNTL1	NAN.Melanesian	5	0,800
68697775	68797775	68747775	GALNTL1	NAN.Melanesian	5	0,800
134921015	135021015	134971015	SIAT4A	NAN.Melanesian	5	0,800
174413751	174513751	174463751	GALNT7_17	North.East.China	15	0,800
131005942	131105942	131055942	GALNT9	North.East.China	5	0,800
22427968	22527968	22477968	SIAT8A	North.East.China	5	0,800
17814449	17914449	17864449	SIAT8F	North.East.China	5	0,800
151394698	151494698	151444698	GALNT11_15	North.Italy	5	0,800
74985452	75085452	75035452	FUT11	Palestinian	5	0,800
151424698	151524698	151474698	GALNT11_15	Palestinian	10	0,800
151454698	151554698	151504698	GALNT11_15	Palestinian	10	0,800
75135452	75235452	75185452	FUT11	Papuan	5	0,800
93693691	93793691	93743691	FUT4	Papuan	5	0,800
5592265	5692265	5642265	FUT5_6	Papuan	5	0,800
65028701	65128701	65078701	FUT8	Papuan	5	0,800
88578598	88678598	88628598	GALNT4	Papuan	5	0,800
74139815	74239815	74189815	GCNT4	Papuan	10	0,800
134951015	135051015	135001015	SIAT4A	Papuan	5	0,800
22427968	22527968	22477968	SIAT8A	Pathan	5	0,800
22607968	22707968	22657968	SIAT8A	Pathan	5	0,800
99995776	100095776	100045776	SIAT10	Pima	5	0,800
74805452	74905452	74855452	FUT11	Russian	5	0,800
31750883	31850883	31800883	GALNT1	Sardinian	5	0,800
22397968	22497968	22447968	SIAT8A	Sardinian	5	0,800
157882879	157982879	157932879	GALNT5	Sindhi	10	0,800
30072171	30172171	30122171	FUT12	South.China	10	0,800
131005942	131105942	131055942	GALNT9	South.China	5	0,800
68547775	68647775	68597775	GALNTL1	South.China	10	0,800
94203691	94303691	94253691	FUT4	Surui	5	0,800
131005942	131105942	131055942	GALNT9	Yakut	5	0,800
76377338	76477338	76427338	SIAT7C_E	Yakut	35	0,800
129831436	129931436	129881436	SIAT7D_F	Yakut	15	0,800
121311370	121411370	121361370	B3GNT4	Yoruba	5	0,800
76257338	76357338	76307338	SIAT7C_E	Japanese	29	0,793
53132681	53232681	53182681	SIAT8C	North.East.China	29	0,793
157972879	158072879	158022879	GALNT5	Japanese	24	0,792
85882499	85982499	85932499	SIAT9	Karitiana	19	0,789
53462681	53562681	53512681	SIAT8C	NAN.Melanesian	19	0,789
39788604	39888604	39838604	B3GALT5	Pima	19	0,789
68727775	68827775	68777775	GALNTL1	Yakut	19	0,789
228070183	228170183	228120183	GALNT2	Balochi	14	0,786
57984828	58084828	58034828	GCNT3	Karitiana	14	0,786
191712115	191812115	191762115	B3GALT2	Papuan	14	0,786
45349454	45449454	45399454	FUT13	Papuan	14	0,786
65981040	66081040	66031040	B3GNT1	Pima	14	0,786
129831436	129931436	129881436	SIAT7D_F	Russian	14	0,786
158122879	158222879	158172879	GALNT5	South.China	14	0,786
69117775	69217775	69167775	GALNTL1	Adygei	9	0,778
100070916	100170916	100120916	SIAT8D	Adygei	18	0,778
151424698	151524698	151474698	GALNT11_15	Balochi	9	0,778
151454698	151554698	151504698	GALNT11_15	Balochi	9	0,778
66041040	66141040	66091040	B3GNT1	Bantu	9	0,778
66071040	66171040	66121040	B3GNT1	Bantu	9	0,778
228100183	228200183	228150183	GALNT2	Basque	9	0,778
151424698	151524698	151474698	GALNT11_15	Bedouin	9	0,778
151454698	151554698	151504698	GALNT11_15	Bedouin	9	0,778
76324680	76424680	76374680	B3GNT6	Biaka.Pygmies	9	0,778
151424698	151524698	151474698	GALNT11_15	Brahui	9	0,778
151454698	151554698	151504698	GALNT11_15	Brahui	9	0,778
65028701	65128701	65078701	FUT8	Cambodian	9	0,778
191172115	191272115	191222115	B3GALT2	Druze	9	0,778
172883751	172983751	172933751	GALNT7_17	Druze	9	0,778
77367338	77467338	77417338	SIAT7C_E	French	9	0,778
30072171	30172171	30122171	FUT12	Japanese	9	0,778
22517968	22617968	22567968	SIAT8A	Japanese	9	0,778
22547968	22647968	22597968	SIAT8A	Japanese	9	0,778
22577968	22677968	22627968	SIAT8A	Japanese	9	0,778
31660883	31760883	31710883	GALNT1	Kalash	9	0,778
71007650	71107650	71057650	WBSCR17	Karitiana	18	0,778
151334698	151434698	151384698	GALNT11_15	Makrani	9	0,778
151424698	151524698	151474698	GALNT11_15	Makrani	9	0,778
151454698	151554698	151504698	GALNT11_15	Makrani	9	0,778
22397968	22497968	22447968	SIAT8A	Mozabite	9	0,778
75255452	75355452	75305452	FUT11	NAN.Melanesian	9	0,778
54001528	54101528	54051528	FUT1_2	NAN.Melanesian	9	0,778
158122879	158222879	158172879	GALNT5	NAN.Melanesian	9	0,778
154609031	154709031	154659031	GALNT13	North.East.China	9	0,778
22577968	22677968	22627968	SIAT8A	North.East.China	9	0,778
228100183	228200183	228150183	GALNT2	North.Italy	9	0,778
53162681	53262681	53212681	SIAT8C	North.Italy	27	0,778
68667775	68767775	68717775	GALNTL1	North.West.China	9	0,778
172883751	172983751	172933751	GALNT7_17	Orcadian	9	0,778
74169815	74269815	74219815	GCNT4	Papuan	9	0,778
33369383	33469383	33419383	FUT10	Pima	9	0,778
33669383	33769383	33719383	FUT10	Pima	9	0,778
172883751	172983751	172933751	GALNT7_17	Russian	9	0,778
77367338	77467338	77417338	SIAT7C_E	Sardinian	9	0,778
94143691	94243691	94193691	FUT4	Surui	9	0,778
31316900	31416900	31366900	GALNT14	Surui	9	0,778
49881968	49981968	49931968	GALNT6	Surui	9	0,778
64998701	65098701	65048701	FUT8	Yakut	9	0,778
