#window.start	window.end	window.center	Gene	Population	nsnps.maf	maf,upper
76264680	76364680	76314680	B3GNT6	Adygei	5	1,00
151514698	151614698	151564698	GALNT11_15	Adygei	1	1,00
42654475	42754475	42704475	SIAT8E	Adygei	4	1,00
42684475	42784475	42734475	SIAT8E	Adygei	4	1,00
42714475	42814475	42764475	SIAT8E	Adygei	4	1,00
76264680	76364680	76314680	B3GNT6	Balochi	5	1,00
70376969	70476969	70426969	OGT	Balochi	1	1,00
70406969	70506969	70456969	OGT	Balochi	1	1,00
70436969	70536969	70486969	OGT	Balochi	1	1,00
70856969	70956969	70906969	OGT	Bantu	1	1,00
70886969	70986969	70936969	OGT	Bantu	1	1,00
151514698	151614698	151564698	GALNT11_15	Basque	1	1,00
68681490	68781490	68731490	SIAT4B	Basque	1	1,00
70376969	70476969	70426969	OGT	Biaka.Pygmies	1	1,00
42714475	42814475	42764475	SIAT8E	Brahui	4	1,00
30372171	30472171	30422171	FUT12	Cambodian	3	1,00
30402171	30502171	30452171	FUT12	Cambodian	3	1,00
97073842	97173842	97123842	FUT9	Cambodian	2	1,00
70856969	70956969	70906969	OGT	Cambodian	1	1,00
70886969	70986969	70936969	OGT	Cambodian	1	1,00
191292115	191392115	191342115	B3GALT2	Colombian	2	1,00
191412115	191512115	191462115	B3GALT2	Colombian	2	1,00
191442115	191542115	191492115	B3GALT2	Colombian	2	1,00
191472115	191572115	191522115	B3GALT2	Colombian	5	1,00
191502115	191602115	191552115	B3GALT2	Colombian	6	1,00
191532115	191632115	191582115	B3GALT2	Colombian	6	1,00
76264680	76364680	76314680	B3GNT6	Colombian	5	1,00
159041585	159141585	159091585	B4GALT3	Colombian	21	1,00
159071585	159171585	159121585	B4GALT3	Colombian	19	1,00
138834524	138934524	138884524	FUT7	Colombian	7	1,00
31466900	31566900	31516900	GALNT14	Colombian	7	1,00
158002879	158102879	158052879	GALNT5	Colombian	10	1,00
158032879	158132879	158082879	GALNT5	Colombian	10	1,00
131425942	131525942	131475942	GALNT9	Colombian	1	1,00
68937775	69037775	68987775	GALNTL1	Colombian	7	1,00
68967775	69067775	69017775	GALNTL1	Colombian	5	1,00
68997775	69097775	69047775	GALNTL1	Colombian	5	1,00
69027775	69127775	69077775	GALNTL1	Colombian	3	1,00
69087775	69187775	69137775	GALNTL1	Colombian	1	1,00
69117775	69217775	69167775	GALNTL1	Colombian	2	1,00
69147775	69247775	69197775	GALNTL1	Colombian	4	1,00
69177775	69277775	69227775	GALNTL1	Colombian	3	1,00
57954828	58054828	58004828	GCNT3	Colombian	1	1,00
57984828	58084828	58034828	GCNT3	Colombian	3	1,00
58014828	58114828	58064828	GCNT3	Colombian	4	1,00
70796969	70896969	70846969	OGT	Colombian	1	1,00
70856969	70956969	70906969	OGT	Colombian	1	1,00
70886969	70986969	70936969	OGT	Colombian	1	1,00
70916969	71016969	70966969	OGT	Colombian	3	1,00
70946969	71046969	70996969	OGT	Colombian	3	1,00
70976969	71076969	71026969	OGT	Colombian	5	1,00
71006969	71106969	71056969	OGT	Colombian	8	1,00
99995776	100095776	100045776	SIAT10	Colombian	3	1,00
100025776	100125776	100075776	SIAT10	Colombian	2	1,00
100055776	100155776	100105776	SIAT10	Colombian	3	1,00
100085776	100185776	100135776	SIAT10	Colombian	4	1,00
100115776	100215776	100165776	SIAT10	Colombian	7	1,00
100145776	100245776	100195776	SIAT10	Colombian	8	1,00
100175776	100275776	100225776	SIAT10	Colombian	9	1,00
22367968	22467968	22417968	SIAT8A	Colombian	1	1,00
22427968	22527968	22477968	SIAT8A	Colombian	1	1,00
22457968	22557968	22507968	SIAT8A	Colombian	2	1,00
22487968	22587968	22537968	SIAT8A	Colombian	2	1,00
22517968	22617968	22567968	SIAT8A	Colombian	3	1,00
22547968	22647968	22597968	SIAT8A	Colombian	2	1,00
151514698	151614698	151564698	GALNT11_15	Druze	1	1,00
191292115	191392115	191342115	B3GALT2	Han	2	1,00
191442115	191542115	191492115	B3GALT2	Han	2	1,00
70856969	70956969	70906969	OGT	Han	1	1,00
70886969	70986969	70936969	OGT	Han	1	1,00
191202115	191302115	191252115	B3GALT2	Japanese	3	1,00
191232115	191332115	191282115	B3GALT2	Japanese	3	1,00
191262115	191362115	191312115	B3GALT2	Japanese	3	1,00
191292115	191392115	191342115	B3GALT2	Japanese	2	1,00
191322115	191422115	191372115	B3GALT2	Japanese	4	1,00
191352115	191452115	191402115	B3GALT2	Japanese	4	1,00
191382115	191482115	191432115	B3GALT2	Japanese	5	1,00
191412115	191512115	191462115	B3GALT2	Japanese	2	1,00
191442115	191542115	191492115	B3GALT2	Japanese	2	1,00
191472115	191572115	191522115	B3GALT2	Japanese	5	1,00
191502115	191602115	191552115	B3GALT2	Japanese	6	1,00
191532115	191632115	191582115	B3GALT2	Japanese	6	1,00
121371370	121471370	121421370	B3GNT4	Japanese	3	1,00
191322115	191422115	191372115	B3GALT2	Kalash	4	1,00
33549383	33649383	33599383	FUT10	Kalash	8	1,00
33579383	33679383	33629383	FUT10	Kalash	7	1,00
30282171	30382171	30332171	FUT12	Kalash	5	1,00
166246007	166346007	166296007	GALNT3	Kalash	7	1,00
70376969	70476969	70426969	OGT	Kalash	1	1,00
70406969	70506969	70456969	OGT	Kalash	1	1,00
70436969	70536969	70486969	OGT	Kalash	1	1,00
42654475	42754475	42704475	SIAT8E	Kalash	4	1,00
42684475	42784475	42734475	SIAT8E	Kalash	4	1,00
42714475	42814475	42764475	SIAT8E	Kalash	4	1,00
191202115	191302115	191252115	B3GALT2	Karitiana	3	1,00
191232115	191332115	191282115	B3GALT2	Karitiana	3	1,00
191262115	191362115	191312115	B3GALT2	Karitiana	3	1,00
191292115	191392115	191342115	B3GALT2	Karitiana	2	1,00
191322115	191422115	191372115	B3GALT2	Karitiana	4	1,00
191352115	191452115	191402115	B3GALT2	Karitiana	4	1,00
191382115	191482115	191432115	B3GALT2	Karitiana	5	1,00
191412115	191512115	191462115	B3GALT2	Karitiana	2	1,00
191442115	191542115	191492115	B3GALT2	Karitiana	2	1,00
191472115	191572115	191522115	B3GALT2	Karitiana	5	1,00
191502115	191602115	191552115	B3GALT2	Karitiana	6	1,00
191532115	191632115	191582115	B3GALT2	Karitiana	6	1,00
191562115	191662115	191612115	B3GALT2	Karitiana	6	1,00
184062970	184162970	184112970	B3GNT5	Karitiana	6	1,00
76264680	76364680	76314680	B3GNT6	Karitiana	5	1,00
30312171	30412171	30362171	FUT12	Karitiana	3	1,00
30342171	30442171	30392171	FUT12	Karitiana	4	1,00
30372171	30472171	30422171	FUT12	Karitiana	3	1,00
30402171	30502171	30452171	FUT12	Karitiana	3	1,00
30432171	30532171	30482171	FUT12	Karitiana	1	1,00
30462171	30562171	30512171	FUT12	Karitiana	1	1,00
6132265	6232265	6182265	FUT5_6	Karitiana	8	1,00
151544698	151644698	151594698	GALNT11_15	Karitiana	2	1,00
151574698	151674698	151624698	GALNT11_15	Karitiana	9	1,00
151604698	151704698	151654698	GALNT11_15	Karitiana	12	1,00
151634698	151734698	151684698	GALNT11_15	Karitiana	11	1,00
228070183	228170183	228120183	GALNT2	Karitiana	2	1,00
228100183	228200183	228150183	GALNT2	Karitiana	3	1,00
49881968	49981968	49931968	GALNT6	Karitiana	9	1,00
172583751	172683751	172633751	GALNT7_17	Karitiana	6	1,00
172613751	172713751	172663751	GALNT7_17	Karitiana	8	1,00
172643751	172743751	172693751	GALNT7_17	Karitiana	12	1,00
172673751	172773751	172723751	GALNT7_17	Karitiana	10	1,00
172703751	172803751	172753751	GALNT7_17	Karitiana	12	1,00
172733751	172833751	172783751	GALNT7_17	Karitiana	5	1,00
172763751	172863751	172813751	GALNT7_17	Karitiana	4	1,00
172793751	172893751	172843751	GALNT7_17	Karitiana	1	1,00
174173751	174273751	174223751	GALNT7_17	Karitiana	5	1,00
131425942	131525942	131475942	GALNT9	Karitiana	1	1,00
131575942	131675942	131625942	GALNT9	Karitiana	1	1,00
43815707	43915707	43865707	SIAT6	Karitiana	10	1,00
42714475	42814475	42764475	SIAT8E	Karitiana	4	1,00
70856969	70956969	70906969	OGT	Mandenka	1	1,00
70886969	70986969	70936969	OGT	Mandenka	1	1,00
191292115	191392115	191342115	B3GALT2	Maya	2	1,00
191502115	191602115	191552115	B3GALT2	Maya	6	1,00
191532115	191632115	191582115	B3GALT2	Maya	6	1,00
75135452	75235452	75185452	FUT11	Maya	1	1,00
75165452	75265452	75215452	FUT11	Maya	1	1,00
138834524	138934524	138884524	FUT7	Maya	7	1,00
31466900	31566900	31516900	GALNT14	Maya	7	1,00
31496900	31596900	31546900	GALNT14	Maya	6	1,00
31526900	31626900	31576900	GALNT14	Maya	5	1,00
131425942	131525942	131475942	GALNT9	Maya	1	1,00
121251370	121351370	121301370	B3GNT4	Mbuti.Pygmies	2	1,00
68651490	68751490	68701490	SIAT4B	Mbuti.Pygmies	1	1,00
68681490	68781490	68731490	SIAT4B	Mbuti.Pygmies	1	1,00
65501040	65601040	65551040	B3GNT1	NAN.Melanesian	9	1,00
65531040	65631040	65581040	B3GNT1	NAN.Melanesian	8	1,00
65561040	65661040	65611040	B3GNT1	NAN.Melanesian	7	1,00
65591040	65691040	65641040	B3GNT1	NAN.Melanesian	7	1,00
138804524	138904524	138854524	FUT7	NAN.Melanesian	3	1,00
30596900	30696900	30646900	GALNT14	NAN.Melanesian	7	1,00
30626900	30726900	30676900	GALNT14	NAN.Melanesian	9	1,00
70376969	70476969	70426969	OGT	NAN.Melanesian	1	1,00
70406969	70506969	70456969	OGT	NAN.Melanesian	1	1,00
70436969	70536969	70486969	OGT	NAN.Melanesian	1	1,00
70856969	70956969	70906969	OGT	NAN.Melanesian	1	1,00
70886969	70986969	70936969	OGT	NAN.Melanesian	1	1,00
17844449	17944449	17894449	SIAT8F	NAN.Melanesian	2	1,00
191202115	191302115	191252115	B3GALT2	North.East.China	3	1,00
191232115	191332115	191282115	B3GALT2	North.East.China	3	1,00
191262115	191362115	191312115	B3GALT2	North.East.China	3	1,00
191292115	191392115	191342115	B3GALT2	North.East.China	2	1,00
191322115	191422115	191372115	B3GALT2	North.East.China	4	1,00
191442115	191542115	191492115	B3GALT2	North.East.China	2	1,00
191472115	191572115	191522115	B3GALT2	North.East.China	5	1,00
191502115	191602115	191552115	B3GALT2	North.East.China	6	1,00
191532115	191632115	191582115	B3GALT2	North.East.China	6	1,00
172643751	172743751	172693751	GALNT7_17	North.East.China	12	1,00
70856969	70956969	70906969	OGT	North.East.China	1	1,00
70886969	70986969	70936969	OGT	North.East.China	1	1,00
119847737	119947737	119897737	C1GALT1C1	North.Italy	1	1,00
42654475	42754475	42704475	SIAT8E	North.Italy	4	1,00
42684475	42784475	42734475	SIAT8E	North.Italy	4	1,00
42714475	42814475	42764475	SIAT8E	North.Italy	4	1,00
191322115	191422115	191372115	B3GALT2	North.West.China	4	1,00
131425942	131525942	131475942	GALNT9	Orcadian	1	1,00
120861370	120961370	120911370	B3GNT4	Papuan	3	1,00
33217013	33317013	33267013	B4GALT1	Papuan	11	1,00
119877737	119977737	119927737	C1GALT1C1	Papuan	3	1,00
74805452	74905452	74855452	FUT11	Papuan	4	1,00
74835452	74935452	74885452	FUT11	Papuan	3	1,00
74865452	74965452	74915452	FUT11	Papuan	3	1,00
74895452	74995452	74945452	FUT11	Papuan	3	1,00
74925452	75025452	74975452	FUT11	Papuan	2	1,00
74955452	75055452	75005452	FUT11	Papuan	2	1,00
172823751	172923751	172873751	GALNT7_17	Papuan	3	1,00
70796969	70896969	70846969	OGT	Papuan	1	1,00
70946969	71046969	70996969	OGT	Papuan	1	1,00
70976969	71076969	71026969	OGT	Papuan	1	1,00
99785776	99885776	99835776	SIAT10	Papuan	6	1,00
44325707	44425707	44375707	SIAT6	Papuan	11	1,00
44445707	44545707	44495707	SIAT6	Papuan	7	1,00
44475707	44575707	44525707	SIAT6	Papuan	5	1,00
77337338	77437338	77387338	SIAT7C_E	Papuan	5	1,00
77367338	77467338	77417338	SIAT7C_E	Papuan	3	1,00
70586969	70686969	70636969	OGT	Pathan	2	1,00
70616969	70716969	70666969	OGT	Pathan	2	1,00
70646969	70746969	70696969	OGT	Pathan	2	1,00
42714475	42814475	42764475	SIAT8E	Pathan	4	1,00
191202115	191302115	191252115	B3GALT2	Pima	3	1,00
191232115	191332115	191282115	B3GALT2	Pima	3	1,00
191262115	191362115	191312115	B3GALT2	Pima	3	1,00
191292115	191392115	191342115	B3GALT2	Pima	2	1,00
191322115	191422115	191372115	B3GALT2	Pima	4	1,00
191352115	191452115	191402115	B3GALT2	Pima	4	1,00
191382115	191482115	191432115	B3GALT2	Pima	5	1,00
191412115	191512115	191462115	B3GALT2	Pima	2	1,00
191442115	191542115	191492115	B3GALT2	Pima	2	1,00
191472115	191572115	191522115	B3GALT2	Pima	5	1,00
191502115	191602115	191552115	B3GALT2	Pima	6	1,00
191532115	191632115	191582115	B3GALT2	Pima	6	1,00
65801040	65901040	65851040	B3GNT1	Pima	5	1,00
65831040	65931040	65881040	B3GNT1	Pima	1	1,00
120861370	120961370	120911370	B3GNT4	Pima	7	1,00
30222171	30322171	30272171	FUT12	Pima	4	1,00
30252171	30352171	30302171	FUT12	Pima	3	1,00
30282171	30382171	30332171	FUT12	Pima	3	1,00
30312171	30412171	30362171	FUT12	Pima	3	1,00
94113691	94213691	94163691	FUT4	Pima	4	1,00
94143691	94243691	94193691	FUT4	Pima	2	1,00
30626900	30726900	30676900	GALNT14	Pima	9	1,00
228070183	228170183	228120183	GALNT2	Pima	3	1,00
228100183	228200183	228150183	GALNT2	Pima	2	1,00
131425942	131525942	131475942	GALNT9	Pima	1	1,00
68681490	68781490	68731490	SIAT4B	Pima	1	1,00
22607968	22707968	22657968	SIAT8A	Pima	1	1,00
151514698	151614698	151564698	GALNT11_15	Russian	1	1,00
68681490	68781490	68731490	SIAT4B	Russian	1	1,00
99800916	99900916	99850916	SIAT8D	San	1	1,00
151514698	151614698	151564698	GALNT11_15	Sardinian	1	1,00
42714475	42814475	42764475	SIAT8E	Sindhi	4	1,00
191292115	191392115	191342115	B3GALT2	South.China	2	1,00
191442115	191542115	191492115	B3GALT2	South.China	2	1,00
191472115	191572115	191522115	B3GALT2	South.China	5	1,00
191502115	191602115	191552115	B3GALT2	South.China	6	1,00
191532115	191632115	191582115	B3GALT2	South.China	6	1,00
76264680	76364680	76314680	B3GNT6	South.China	5	1,00
70856969	70956969	70906969	OGT	South.China	1	1,00
70886969	70986969	70936969	OGT	South.China	1	1,00
39728604	39828604	39778604	B3GALT5	Surui	5	1,00
39758604	39858604	39808604	B3GALT5	Surui	10	1,00
39788604	39888604	39838604	B3GALT5	Surui	14	1,00
62360589	62460589	62410589	B3GNT2	Surui	6	1,00
120861370	120961370	120911370	B3GNT4	Surui	7	1,00
120891370	120991370	120941370	B3GNT4	Surui	5	1,00
120921370	121021370	120971370	B3GNT4	Surui	3	1,00
120951370	121051370	121001370	B3GNT4	Surui	2	1,00
184212970	184312970	184262970	B3GNT5	Surui	6	1,00
184242970	184342970	184292970	B3GNT5	Surui	12	1,00
184272970	184372970	184322970	B3GNT5	Surui	14	1,00
120403382	120503382	120453382	B4GALT4	Surui	12	1,00
120433382	120533382	120483382	B4GALT4	Surui	11	1,00
75525452	75625452	75575452	FUT11	Surui	4	1,00
30012171	30112171	30062171	FUT12	Surui	7	1,00
54001528	54101528	54051528	FUT1_2	Surui	10	1,00
5742265	5842265	5792265	FUT5_6	Surui	1	1,00
138864524	138964524	138914524	FUT7	Surui	7	1,00
153335529	153435529	153385529	GALNT10	Surui	1	1,00
153365529	153465529	153415529	GALNT10	Surui	1	1,00
31466900	31566900	31516900	GALNT14	Surui	7	1,00
31496900	31596900	31546900	GALNT14	Surui	6	1,00
31526900	31626900	31576900	GALNT14	Surui	5	1,00
228070183	228170183	228120183	GALNT2	Surui	1	1,00
228100183	228200183	228150183	GALNT2	Surui	1	1,00
165916007	166016007	165966007	GALNT3	Surui	14	1,00
165946007	166046007	165996007	GALNT3	Surui	17	1,00
165976007	166076007	166026007	GALNT3	Surui	16	1,00
166006007	166106007	166056007	GALNT3	Surui	14	1,00
157912879	158012879	157962879	GALNT5	Surui	4	1,00
173483751	173583751	173533751	GALNT7_17	Surui	6	1,00
173513751	173613751	173563751	GALNT7_17	Surui	5	1,00
173543751	173643751	173593751	GALNT7_17	Surui	3	1,00
173573751	173673751	173623751	GALNT7_17	Surui	2	1,00
173603751	173703751	173653751	GALNT7_17	Surui	3	1,00
173633751	173733751	173683751	GALNT7_17	Surui	2	1,00
173663751	173763751	173713751	GALNT7_17	Surui	1	1,00
131425942	131525942	131475942	GALNT9	Surui	1	1,00
57414828	57514828	57464828	GCNT3	Surui	17	1,00
57444828	57544828	57494828	GCNT3	Surui	12	1,00
57474828	57574828	57524828	GCNT3	Surui	7	1,00
125571995	125671995	125621995	SIAT4C	Surui	10	1,00
125601995	125701995	125651995	SIAT4C	Surui	9	1,00
100010916	100110916	100060916	SIAT8D	Surui	12	1,00
191322115	191422115	191372115	B3GALT2	Yakut	4	1,00
191532115	191632115	191582115	B3GALT2	Yakut	6	1,00
76264680	76364680	76314680	B3GNT6	Yakut	5	1,00
70796969	70896969	70846969	OGT	Yakut	1	1,00
70856969	70956969	70906969	OGT	Yakut	1	1,00
70886969	70986969	70936969	OGT	Yakut	1	1,00
159011585	159111585	159061585	B4GALT3	Colombian	20	0,95
64818701	64918701	64868701	FUT8	Karitiana	16	0,94
33489383	33589383	33539383	FUT10	French	15	0,93
43785707	43885707	43835707	SIAT6	Karitiana	15	0,93
184302970	184402970	184352970	B3GNT5	Surui	14	0,93
93843691	93943691	93893691	FUT4	Surui	14	0,93
42774475	42874475	42824475	SIAT8E	Adygei	14	0,93
33519383	33619383	33569383	FUT10	French	14	0,93
33519383	33619383	33569383	FUT10	Russian	14	0,93
33519383	33619383	33569383	FUT10	Sardinian	14	0,93
42774475	42874475	42824475	SIAT8E	Basque	13	0,92
33519383	33619383	33569383	FUT10	Kalash	13	0,92
33219383	33319383	33269383	FUT10	Pathan	13	0,92
33279383	33379383	33329383	FUT10	Colombian	11	0,91
49851968	49951968	49901968	GALNT6	Karitiana	11	0,91
129561436	129661436	129611436	SIAT7D_F	Surui	11	0,91
33189383	33289383	33239383	FUT10	Adygei	11	0,91
42744475	42844475	42794475	SIAT8E	Adygei	11	0,91
33189383	33289383	33239383	FUT10	Balochi	11	0,91
42744475	42844475	42794475	SIAT8E	Karitiana	11	0,91
42744475	42844475	42794475	SIAT8E	Makrani	11	0,91
42744475	42844475	42794475	SIAT8E	Pathan	11	0,91
4633650	4733650	4683650	GALNT8	Surui	11	0,91
168162253	168262253	168212253	B3GALT1	Surui	10	0,90
70947650	71047650	70997650	WBSCR17	Surui	10	0,90
33399383	33499383	33449383	FUT10	Yakut	10	0,90
119427737	119527737	119477737	C1GALT1C1	Colombian	9	0,89
121551370	121651370	121601370	B3GNT4	Han	9	0,89
33549383	33649383	33599383	FUT10	Hazara	9	0,89
172613751	172713751	172663751	GALNT7_17	Japanese	9	0,89
174113751	174213751	174163751	GALNT7_17	Karitiana	9	0,89
62390589	62490589	62440589	B3GNT2	Surui	9	0,89
33549383	33649383	33599383	FUT10	Brahui	9	0,89
33609383	33709383	33659383	FUT10	Burusho	9	0,89
33669383	33769383	33719383	FUT10	Burusho	9	0,89
174533751	174633751	174583751	GALNT7_17	Druze	9	0,89
33549383	33649383	33599383	FUT10	French	9	0,89
33609383	33709383	33659383	FUT10	Kalash	9	0,89
33669383	33769383	33719383	FUT10	Kalash	9	0,89
49911968	50011968	49961968	GALNT6	Karitiana	9	0,89
172613751	172713751	172663751	GALNT7_17	Maya	9	0,89
172613751	172713751	172663751	GALNT7_17	North.East.China	9	0,89
33549383	33649383	33599383	FUT10	Russian	9	0,89
33609383	33709383	33659383	FUT10	Russian	9	0,89
33669383	33769383	33719383	FUT10	Russian	9	0,89
33549383	33649383	33599383	FUT10	Sardinian	9	0,89
10896934	10996934	10946934	GCNT2	Surui	9	0,89
44145707	44245707	44195707	SIAT6	Surui	9	0,89
57384828	57484828	57434828	GCNT3	Surui	25	0,88
77127338	77227338	77177338	SIAT7C_E	Colombian	8	0,88
90998449	91098449	91048449	SIAT8B	Colombian	16	0,88
57804828	57904828	57854828	GCNT3	Han	16	0,88
33579383	33679383	33629383	FUT10	Hazara	8	0,88
173303751	173403751	173353751	GALNT7_17	Karitiana	8	0,88
174143751	174243751	174193751	GALNT7_17	Karitiana	8	0,88
173303751	173403751	173353751	GALNT7_17	Maya	8	0,88
57804828	57904828	57854828	GCNT3	North.West.China	16	0,88
119427737	119527737	119477737	C1GALT1C1	Papuan	8	0,88
33579383	33679383	33629383	FUT10	Sindhi	8	0,88
4603650	4703650	4653650	GALNT8	Surui	8	0,88
77127338	77227338	77177338	SIAT7C_E	Surui	8	0,88
33579383	33679383	33629383	FUT10	Brahui	8	0,88
33639383	33739383	33689383	FUT10	Burusho	8	0,88
33579383	33679383	33629383	FUT10	French	8	0,88
33639383	33739383	33689383	FUT10	Kalash	8	0,88
138774524	138874524	138824524	FUT7	NAN.Melanesian	8	0,88
33579383	33679383	33629383	FUT10	Pathan	8	0,88
30132171	30232171	30182171	FUT12	Pima	8	0,88
30596900	30696900	30646900	GALNT14	Pima	8	0,88
33579383	33679383	33629383	FUT10	Russian	8	0,88
33639383	33739383	33689383	FUT10	Russian	8	0,88
33579383	33679383	33629383	FUT10	Sardinian	8	0,88
174563751	174663751	174613751	GALNT7_17	Surui	8	0,88
100070916	100170916	100120916	SIAT8D	Surui	15	0,87
33489383	33589383	33539383	FUT10	Russian	15	0,87
33459383	33559383	33509383	FUT10	Adygei	15	0,87
42774475	42874475	42824475	SIAT8E	Druze	15	0,87
43755707	43855707	43805707	SIAT6	Karitiana	15	0,87
42774475	42874475	42824475	SIAT8E	Makrani	15	0,87
154279031	154379031	154329031	GALNT13	NAN.Melanesian	15	0,87
33129383	33229383	33179383	FUT10	Adygei	7	0,86
191562115	191662115	191612115	B3GALT2	Colombian	7	0,86
62150589	62250589	62200589	B3GNT2	Colombian	7	0,86
173273751	173373751	173323751	GALNT7_17	Colombian	7	0,86
62150589	62250589	62200589	B3GNT2	French	7	0,86
62180589	62280589	62230589	B3GNT2	French	7	0,86
68607775	68707775	68657775	GALNTL1	Kalash	7	0,86
42624475	42724475	42674475	SIAT8E	Kalash	7	0,86
76294680	76394680	76344680	B3GNT6	Karitiana	7	0,86
151454698	151554698	151504698	GALNT11_15	Karitiana	7	0,86
21947968	22047968	21997968	SIAT8A	Karitiana	7	0,86
191742115	191842115	191792115	B3GALT2	Pima	7	0,86
33427013	33527013	33477013	B4GALT1	Surui	7	0,86
138834524	138934524	138884524	FUT7	Surui	7	0,86
77367338	77467338	77417338	SIAT7C_E	Surui	7	0,86
33159383	33259383	33209383	FUT10	Adygei	14	0,86
191562115	191662115	191612115	B3GALT2	Han	7	0,86
191562115	191662115	191612115	B3GALT2	Japanese	7	0,86
173603751	173703751	173653751	GALNT7_17	Karitiana	7	0,86
131545942	131645942	131595942	GALNT9	Karitiana	7	0,86
191562115	191662115	191612115	B3GALT2	Maya	7	0,86
191592115	191692115	191642115	B3GALT2	Maya	7	0,86
154309031	154409031	154359031	GALNT13	NAN.Melanesian	14	0,86
154339031	154439031	154389031	GALNT13	NAN.Melanesian	14	0,86
191562115	191662115	191612115	B3GALT2	North.East.China	7	0,86
33247013	33347013	33297013	B4GALT1	Papuan	7	0,86
30162171	30262171	30212171	FUT12	Pima	7	0,86
191562115	191662115	191612115	B3GALT2	South.China	7	0,86
131245942	131345942	131295942	GALNT9	Surui	14	0,86
44115707	44215707	44165707	SIAT6	Surui	7	0,86
191502115	191602115	191552115	B3GALT2	Yakut	7	0,86
191562115	191662115	191612115	B3GALT2	Yakut	7	0,86
191592115	191692115	191642115	B3GALT2	Yakut	7	0,86
129831436	129931436	129881436	SIAT7D_F	NAN.Melanesian	13	0,85
33459383	33559383	33509383	FUT10	North.East.China	13	0,85
33459383	33559383	33509383	FUT10	Russian	13	0,85
62420589	62520589	62470589	B3GNT2	Surui	13	0,85
93813691	93913691	93863691	FUT4	Surui	13	0,85
125631995	125731995	125681995	SIAT4C	Surui	13	0,85
129531436	129631436	129581436	SIAT7D_F	Surui	13	0,85
100040916	100140916	100090916	SIAT8D	Surui	13	0,85
174563751	174663751	174613751	GALNT7_17	Druze	13	0,85
42774475	42874475	42824475	SIAT8E	Yoruba	13	0,85
159071585	159171585	159121585	B4GALT3	Papuan	19	0,84
39818604	39918604	39868604	B3GALT5	Surui	19	0,84
96983842	97083842	97033842	FUT9	Cambodian	6	0,83
119397737	119497737	119447737	C1GALT1C1	Colombian	12	0,83
33309383	33409383	33359383	FUT10	Colombian	12	0,83
31496900	31596900	31546900	GALNT14	Colombian	6	0,83
158062879	158162879	158112879	GALNT5	Colombian	6	0,83
172643751	172743751	172693751	GALNT7_17	Japanese	12	0,83
184092970	184192970	184142970	B3GNT5	Karitiana	6	0,83
173333751	173433751	173383751	GALNT7_17	Karitiana	12	0,83
173363751	173463751	173413751	GALNT7_17	Karitiana	12	0,83
65621040	65721040	65671040	B3GNT1	NAN.Melanesian	6	0,83
120891370	120991370	120941370	B3GNT4	Papuan	6	0,83
94233691	94333691	94283691	FUT4	Papuan	6	0,83
65771040	65871040	65821040	B3GNT1	Pima	6	0,83
29982171	30082171	30032171	FUT12	Surui	6	0,83
174503751	174603751	174553751	GALNT7_17	Adygei	6	0,83
42744475	42844475	42794475	SIAT8E	Basque	12	0,83
191472115	191572115	191522115	B3GALT2	Maya	6	0,83
191382115	191482115	191432115	B3GALT2	North.East.China	6	0,83
172673751	172773751	172723751	GALNT7_17	North.East.China	12	0,83
30192171	30292171	30242171	FUT12	Pima	6	0,83
52862681	52962681	52912681	SIAT8C	Pima	18	0,83
159101585	159201585	159151585	B4GALT3	Colombian	17	0,82
78233569	78333569	78283569	GCNT1	Karitiana	17	0,82
131215942	131315942	131265942	GALNT9	Surui	17	0,82
43605707	43705707	43655707	SIAT6	Adygei	11	0,82
43605707	43705707	43655707	SIAT6	Bedouin	11	0,82
43605707	43705707	43655707	SIAT6	Colombian	11	0,82
43605707	43705707	43655707	SIAT6	Druze	11	0,82
43605707	43705707	43655707	SIAT6	French	11	0,82
159221585	159321585	159271585	B4GALT3	Karitiana	11	0,82
49821968	49921968	49871968	GALNT6	Karitiana	11	0,82
173393751	173493751	173443751	GALNT7_17	Karitiana	11	0,82
43605707	43705707	43655707	SIAT6	Sardinian	11	0,82
99875776	99975776	99925776	SIAT10	South.China	11	0,82
77157338	77257338	77207338	SIAT7C_E	Surui	11	0,82
173723751	173823751	173773751	GALNT7_17	Bedouin	11	0,82
43815707	43915707	43865707	SIAT6	Cambodian	11	0,82
159221585	159321585	159271585	B4GALT3	Colombian	11	0,82
174083751	174183751	174133751	GALNT7_17	Colombian	11	0,82
173723751	173823751	173773751	GALNT7_17	NAN.Melanesian	11	0,82
31420883	31520883	31470883	GALNT1	Orcadian	11	0,82
173723751	173823751	173773751	GALNT7_17	Adygei	11	0,82
100175776	100275776	100225776	SIAT10	Maya	11	0,82
173753751	173853751	173803751	GALNT7_17	NAN.Melanesian	11	0,82
33399383	33499383	33449383	FUT10	North.East.China	11	0,82
126021995	126121995	126071995	SIAT4C	Surui	27	0,81
155269031	155369031	155319031	GALNT13	Pima	27	0,81
99575776	99675776	99625776	SIAT10	NAN.Melanesian	16	0,81
57804828	57904828	57854828	GCNT3	North.East.China	16	0,81
228700183	228800183	228750183	GALNT2	Surui	16	0,81
129501436	129601436	129551436	SIAT7D_F	Basque	16	0,81
31300883	31400883	31350883	GALNT1	Surui	21	0,81
74985452	75085452	75035452	FUT11	Bantu	5	0,80
75045452	75145452	75095452	FUT11	Bantu	5	0,80
119517737	119617737	119567737	C1GALT1C1	Cambodian	5	0,80
97043842	97143842	97093842	FUT9	Cambodian	5	0,80
191382115	191482115	191432115	B3GALT2	Colombian	5	0,80
159191585	159291585	159241585	B4GALT3	Colombian	10	0,80
93573691	93673691	93623691	FUT4	Colombian	10	0,80
31526900	31626900	31576900	GALNT14	Colombian	5	0,80
173573751	173673751	173623751	GALNT7_17	Colombian	10	0,80
121581370	121681370	121631370	B3GNT4	Han	5	0,80
121581370	121681370	121631370	B3GNT4	Japanese	5	0,80
159191585	159291585	159241585	B4GALT3	Karitiana	10	0,80
151334698	151434698	151384698	GALNT11_15	Karitiana	5	0,80
151484698	151584698	151534698	GALNT11_15	Karitiana	5	0,80
21977968	22077968	22027968	SIAT8A	Karitiana	5	0,80
42714475	42814475	42764475	SIAT8E	Mandenka	5	0,80
33729383	33829383	33779383	FUT10	Mbuti.Pygmies	5	0,80
159641585	159741585	159691585	B4GALT3	NAN.Melanesian	5	0,80
93573691	93673691	93623691	FUT4	North.Italy	10	0,80
120921370	121021370	120971370	B3GNT4	Papuan	5	0,80
120951370	121051370	121001370	B3GNT4	Papuan	5	0,80
75015452	75115452	75065452	FUT11	Papuan	5	0,80
75045452	75145452	75095452	FUT11	Papuan	5	0,80
33189383	33289383	33239383	FUT10	Pathan	10	0,80
159641585	159741585	159691585	B4GALT3	Pima	5	0,80
33039383	33139383	33089383	FUT10	Sardinian	5	0,80
5712265	5812265	5762265	FUT5_6	Surui	5	0,80
131575942	131675942	131625942	GALNT9	Surui	5	0,80
70917650	71017650	70967650	WBSCR17	Surui	10	0,80
121581370	121681370	121631370	B3GNT4	Yakut	5	0,80
65891040	65991040	65941040	B3GNT1	Yoruba	5	0,80
33489383	33589383	33539383	FUT10	Adygei	15	0,80
33489383	33589383	33539383	FUT10	Bedouin	15	0,80
33489383	33589383	33539383	FUT10	Druze	15	0,80
42234475	42334475	42284475	SIAT8E	Karitiana	20	0,80
121491370	121591370	121541370	B3GNT4	Maya	10	0,80
168192253	168292253	168242253	B3GALT1	Surui	20	0,80
33159383	33259383	33209383	FUT10	Balochi	15	0,80
33459383	33559383	33509383	FUT10	Druze	15	0,80
33459383	33559383	33509383	FUT10	French	15	0,80
33219383	33319383	33269383	FUT10	Palestinian	15	0,80
42774475	42874475	42824475	SIAT8E	Pathan	15	0,80
42804475	42904475	42854475	SIAT8E	Adygei	15	0,80
42714475	42814475	42764475	SIAT8E	Balochi	5	0,80
119457737	119557737	119507737	C1GALT1C1	Colombian	5	0,80
138954524	139054524	139004524	FUT7	Colombian	10	0,80
100430916	100530916	100480916	SIAT8D	Colombian	5	0,80
100490916	100590916	100540916	SIAT8D	Colombian	5	0,80
65831040	65931040	65881040	B3GNT1	French	5	0,80
191352115	191452115	191402115	B3GALT2	Kalash	5	0,80
30312171	30412171	30362171	FUT12	Kalash	5	0,80
42684475	42784475	42734475	SIAT8E	Makrani	5	0,80
42714475	42814475	42764475	SIAT8E	Makrani	5	0,80
154519031	154619031	154569031	GALNT13	NAN.Melanesian	10	0,80
191352115	191452115	191402115	B3GALT2	North.East.China	5	0,80
191352115	191452115	191402115	B3GALT2	North.West.China	5	0,80
33277013	33377013	33327013	B4GALT1	Papuan	5	0,80
42654475	42754475	42704475	SIAT8E	Pathan	5	0,80
42684475	42784475	42734475	SIAT8E	Pathan	5	0,80
42654475	42754475	42704475	SIAT8E	Sindhi	5	0,80
42684475	42784475	42734475	SIAT8E	Sindhi	5	0,80
191352115	191452115	191402115	B3GALT2	Yakut	5	0,80
43635707	43735707	43685707	SIAT6	Adygei	14	0,79
43635707	43735707	43685707	SIAT6	Druze	14	0,79
71704592	71804592	71754592	SIAT7A_B	Han	14	0,79
33519383	33619383	33569383	FUT10	Hazara	14	0,79
99605776	99705776	99655776	SIAT10	NAN.Melanesian	14	0,79
166036007	166136007	166086007	GALNT3	Surui	14	0,79
33519383	33619383	33569383	FUT10	Brahui	14	0,79
62210589	62310589	62260589	B3GNT2	Colombian	14	0,79
155299031	155399031	155349031	GALNT13	Pima	28	0,79
173303751	173403751	173353751	GALNT7_17	Adygei	9	0,78
174113751	174213751	174163751	GALNT7_17	Colombian	9	0,78
33609383	33709383	33659383	FUT10	French	9	0,78
173303751	173403751	173353751	GALNT7_17	French	9	0,78
173303751	173403751	173353751	GALNT7_17	Orcadian	9	0,78
32977013	33077013	33027013	B4GALT1	Papuan	9	0,78
70077650	70177650	70127650	WBSCR17	Pima	9	0,78
33549383	33649383	33599383	FUT10	Sindhi	9	0,78
57564828	57664828	57614828	GCNT3	Surui	9	0,78
77097338	77197338	77147338	SIAT7C_E	Surui	9	0,78
96263842	96363842	96313842	FUT9	Adygei	9	0,78
33609383	33709383	33659383	FUT10	Brahui	9	0,78
33669383	33769383	33719383	FUT10	Brahui	9	0,78
119607737	119707737	119657737	C1GALT1C1	Orcadian	9	0,78
33549383	33649383	33599383	FUT10	Pathan	9	0,78
31270883	31370883	31320883	GALNT1	Surui	18	0,78
96263842	96363842	96313842	FUT9	Makrani	9	0,78
131185942	131285942	131235942	GALNT9	Surui	22	0,77
173333751	173433751	173383751	GALNT7_17	Adygei	13	0,77
173543751	173643751	173593751	GALNT7_17	Colombian	13	0,77
173363751	173463751	173413751	GALNT7_17	Druze	13	0,77
191082115	191182115	191132115	B3GALT2	Maya	13	0,77
173333751	173433751	173383751	GALNT7_17	Orcadian	13	0,77
129921436	130021436	129971436	SIAT7D_F	Papuan	13	0,77
173363751	173463751	173413751	GALNT7_17	Adygei	13	0,77
33249383	33349383	33299383	FUT10	Pathan	13	0,77
70017650	70117650	70067650	WBSCR17	Pima	13	0,77
33279383	33379383	33329383	FUT10	Pathan	13	0,77
42744475	42844475	42794475	SIAT8E	Druze	13	0,77
7526187	7626187	7576187	C1GALT1	Japanese	17	0,76
33159383	33259383	33209383	FUT10	Palestinian	17	0,76
86242499	86342499	86292499	SIAT9	Druze	21	0,76
86272499	86372499	86322499	SIAT9	Druze	21	0,76
77367338	77467338	77417338	SIAT7C_E	Bantu	8	0,75
66101040	66201040	66151040	B3GNT1	Bedouin	4	0,75
119877737	119977737	119927737	C1GALT1C1	Bedouin	4	0,75
96953842	97053842	97003842	FUT9	Cambodian	8	0,75
97013842	97113842	97063842	FUT9	Cambodian	4	0,75
191322115	191422115	191372115	B3GALT2	Colombian	4	0,75
191352115	191452115	191402115	B3GALT2	Colombian	4	0,75
76234680	76334680	76284680	B3GNT6	Colombian	8	0,75
64968701	65068701	65018701	FUT8	Colombian	4	0,75
64998701	65098701	65048701	FUT8	Colombian	8	0,75
85642499	85742499	85692499	SIAT9	Colombian	4	0,75
33639383	33739383	33689383	FUT10	French	8	0,75
191322115	191422115	191372115	B3GALT2	Han	4	0,75
121401370	121501370	121451370	B3GNT4	Han	4	0,75
191322115	191422115	191372115	B3GALT2	Hazara	4	0,75
121251370	121351370	121301370	B3GNT4	Japanese	4	0,75
121401370	121501370	121451370	B3GNT4	Japanese	4	0,75
191262115	191362115	191312115	B3GALT2	Kalash	4	0,75
68907775	69007775	68957775	GALNTL1	Kalash	8	0,75
76234680	76334680	76284680	B3GNT6	Karitiana	8	0,75
191322115	191422115	191372115	B3GALT2	Maya	4	0,75
191352115	191452115	191402115	B3GALT2	Maya	4	0,75
139014524	139114524	139064524	FUT7	Maya	8	0,75
33309383	33409383	33359383	FUT10	NAN.Melanesian	12	0,75
119877737	119977737	119927737	C1GALT1C1	North.West.China	4	0,75
76714680	76814680	76764680	B3GNT6	Orcadian	4	0,75
76744680	76844680	76794680	B3GNT6	Orcadian	4	0,75
66101040	66201040	66151040	B3GNT1	Palestinian	4	0,75
65831040	65931040	65881040	B3GNT1	Papuan	4	0,75
32917013	33017013	32967013	B4GALT1	Papuan	4	0,75
74985452	75085452	75035452	FUT11	Papuan	4	0,75
75075452	75175452	75125452	FUT11	Papuan	4	0,75
166426007	166526007	166476007	GALNT3	Papuan	12	0,75
30342171	30442171	30392171	FUT12	Pima	4	0,75
99770916	99870916	99820916	SIAT8D	Pima	4	0,75
70047650	70147650	70097650	WBSCR17	Pima	8	0,75
191322115	191422115	191372115	B3GALT2	South.China	4	0,75
76234680	76334680	76284680	B3GNT6	South.China	8	0,75
184182970	184282970	184232970	B3GNT5	Surui	4	0,75
30342171	30442171	30392171	FUT12	Surui	4	0,75
138894524	138994524	138944524	FUT7	Surui	8	0,75
77067338	77167338	77117338	SIAT7C_E	Surui	8	0,75
99770916	99870916	99820916	SIAT8D	Surui	4	0,75
99830916	99930916	99880916	SIAT8D	Surui	4	0,75
99860916	99960916	99910916	SIAT8D	Surui	4	0,75
76234680	76334680	76284680	B3GNT6	Yakut	8	0,75
119877737	119977737	119927737	C1GALT1C1	Yakut	4	0,75
33579383	33679383	33629383	FUT10	Yakut	8	0,75
68787775	68887775	68837775	GALNTL1	Colombian	16	0,75
68517775	68617775	68567775	GALNTL1	Pima	12	0,75
168222253	168322253	168272253	B3GALT1	Surui	24	0,75
100542055	100642055	100592055	GALNT12	Papuan	20	0,75
76234680	76334680	76284680	B3GNT6	Adygei	8	0,75
76234680	76334680	76284680	B3GNT6	Balochi	8	0,75
119967737	120067737	120017737	C1GALT1C1	Basque	8	0,75
33639383	33739383	33689383	FUT10	Brahui	8	0,75
33579383	33679383	33629383	FUT10	Burusho	8	0,75
62180589	62280589	62230589	B3GNT2	Colombian	8	0,75
33099383	33199383	33149383	FUT10	Colombian	8	0,75
174053751	174153751	174103751	GALNT7_17	Colombian	8	0,75
173153751	173253751	173203751	GALNT7_17	Karitiana	8	0,75
43725707	43825707	43775707	SIAT6	Karitiana	16	0,75
119577737	119677737	119627737	C1GALT1C1	Orcadian	8	0,75
166006007	166106007	166056007	GALNT3	Pima	16	0,75
119577737	119677737	119627737	C1GALT1C1	Yakut	8	0,75
62240589	62340589	62290589	B3GNT2	Colombian	12	0,75
173723751	173823751	173773751	GALNT7_17	Druze	12	0,75
93573691	93673691	93623691	FUT4	French	12	0,75
33699383	33799383	33749383	FUT10	Brahui	8	0,75
33699383	33799383	33749383	FUT10	Burusho	8	0,75
68757775	68857775	68807775	GALNTL1	Colombian	12	0,75
100460916	100560916	100510916	SIAT8D	Colombian	4	0,75
119877737	119977737	119927737	C1GALT1C1	Druze	4	0,75
119877737	119977737	119927737	C1GALT1C1	French	4	0,75
30252171	30352171	30302171	FUT12	Kalash	4	0,75
151364698	151464698	151414698	GALNT11_15	Karitiana	4	0,75
151394698	151494698	151444698	GALNT11_15	Karitiana	4	0,75
74559815	74659815	74609815	GCNT4	Karitiana	8	0,75
154249031	154349031	154299031	GALNT13	NAN.Melanesian	16	0,75
173483751	173583751	173533751	GALNT7_17	NAN.Melanesian	8	0,75
22397968	22497968	22447968	SIAT8A	NAN.Melanesian	4	0,75
172703751	172803751	172753751	GALNT7_17	North.East.China	16	0,75
66101040	66201040	66151040	B3GNT1	Pathan	4	0,75
33699383	33799383	33749383	FUT10	Russian	8	0,75
174533751	174633751	174583751	GALNT7_17	Surui	4	0,75
191202115	191302115	191252115	B3GALT2	Yakut	4	0,75
191232115	191332115	191282115	B3GALT2	Yakut	4	0,75
191262115	191362115	191312115	B3GALT2	Yakut	4	0,75
154879031	154979031	154929031	GALNT13	Pima	23	0,74
43785707	43885707	43835707	SIAT6	Pima	19	0,74
42204475	42304475	42254475	SIAT8E	Maya	19	0,74
43725707	43825707	43775707	SIAT6	Maya	19	0,74
166366007	166466007	166416007	GALNT3	Papuan	15	0,73
166396007	166496007	166446007	GALNT3	Papuan	15	0,73
33489383	33589383	33539383	FUT10	Brahui	15	0,73
33489383	33589383	33539383	FUT10	Sardinian	15	0,73
54031528	54131528	54081528	FUT1_2	Surui	15	0,73
33459383	33559383	33509383	FUT10	Bedouin	15	0,73
42774475	42874475	42824475	SIAT8E	Bedouin	15	0,73
33309383	33409383	33359383	FUT10	Sindhi	15	0,73
42774475	42874475	42824475	SIAT8E	Karitiana	15	0,73
33249383	33349383	33299383	FUT10	Colombian	11	0,73
66071040	66171040	66121040	B3GNT1	French	11	0,73
66071040	66171040	66121040	B3GNT1	North.West.China	11	0,73
166456007	166556007	166506007	GALNT3	Papuan	11	0,73
66071040	66171040	66121040	B3GNT1	Pathan	11	0,73
77187338	77287338	77237338	SIAT7C_E	Surui	11	0,73
21947968	22047968	21997968	SIAT8A	Basque	11	0,73
77097338	77197338	77147338	SIAT7C_E	Kalash	11	0,73
174083751	174183751	174133751	GALNT7_17	Karitiana	11	0,73
31450883	31550883	31500883	GALNT1	Orcadian	11	0,73
66071040	66171040	66121040	B3GNT1	Palestinian	11	0,73
121131370	121231370	121181370	B3GNT4	Papuan	11	0,73
86242499	86342499	86292499	SIAT9	Pathan	22	0,73
86272499	86372499	86322499	SIAT9	Pathan	22	0,73
174563751	174663751	174613751	GALNT7_17	Pima	11	0,73
66071040	66171040	66121040	B3GNT1	Yakut	11	0,73
66071040	66171040	66121040	B3GNT1	Bedouin	11	0,73
74169815	74269815	74219815	GCNT4	Maya	11	0,73
33399383	33499383	33449383	FUT10	South.China	11	0,73
100145776	100245776	100195776	SIAT10	Maya	11	0,73
