#window_start, window_middle, window_end, gene_name
70376969	70476969	70426969	OGT	Basque	1	1,00
70376969	70476969	70426969	OGT	Colombian	1	1,00
70406969	70506969	70456969	OGT	Colombian	1	1,00
70436969	70536969	70486969	OGT	Colombian	1	1,00
70526969	70626969	70576969	OGT	Druze	1	1,00
70556969	70656969	70606969	OGT	Druze	1	1,00
70376969	70476969	70426969	OGT	Makrani	1	1,00
70466969	70566969	70516969	OGT	Mandenka	2	1,00
70496969	70596969	70546969	OGT	Mandenka	1	1,00
99995776	100095776	100045776	SIAT10	Mbuti.Pygmies	3	1,00
70526969	70626969	70576969	OGT	Mozabite	1	1,00
70556969	70656969	70606969	OGT	Mozabite	1	1,00
70526969	70626969	70576969	OGT	North.Italy	1	1,00
70556969	70656969	70606969	OGT	North.Italy	1	1,00
70376969	70476969	70426969	OGT	Palestinian	1	1,00
70376969	70476969	70426969	OGT	Pathan	1	1,00
70676969	70776969	70726969	OGT	Pima	2	1,00
70376969	70476969	70426969	OGT	Russian	1	1,00
70406969	70506969	70456969	OGT	Russian	1	1,00
70436969	70536969	70486969	OGT	Russian	1	1,00
70526969	70626969	70576969	OGT	Russian	1	1,00
70556969	70656969	70606969	OGT	Russian	1	1,00
64998701	65098701	65048701	FUT8	San	4	1,00
65118701	65218701	65168701	FUT8	San	5	1,00
70376969	70476969	70426969	OGT	San	1	1,00
70406969	70506969	70456969	OGT	San	1	1,00
70586969	70686969	70636969	OGT	San	1	1,00
70616969	70716969	70666969	OGT	San	1	1,00
70646969	70746969	70696969	OGT	San	1	1,00
70646969	70746969	70696969	OGT	San	1	1,00
68861490	68961490	68911490	SIAT4B	San	1	1,00
100130916	100230916	100180916	SIAT8D	San	5	1,00
70376969	70476969	70426969	OGT	Sardinian	1	1,00
70406969	70506969	70456969	OGT	Sardinian	1	1,00
70436969	70536969	70486969	OGT	Sardinian	1	1,00
70496969	70596969	70546969	OGT	Sindhi	1	1,00
70376969	70476969	70426969	OGT	South.China	1	1,00
70406969	70506969	70456969	OGT	South.China	1	1,00
70436969	70536969	70486969	OGT	South.China	1	1,00
64998701	65098701	65048701	FUT8	Japanese	6	1,00
70406969	70506969	70456969	OGT	Bantu	3	1,00
70376969	70476969	70426969	OGT	Bantu	2	1,00
70406969	70506969	70456969	OGT	Basque	2	1,00
70376969	70476969	70426969	OGT	Bedouin	2	1,00
70676969	70776969	70726969	OGT	Colombian	2	1,00
70406969	70506969	70456969	OGT	Makrani	2	1,00
70436969	70536969	70486969	OGT	Mandenka	4	1,00
70406969	70506969	70456969	OGT	Palestinian	2	1,00
70406969	70506969	70456969	OGT	Pathan	2	1,00
70466969	70566969	70516969	OGT	Sindhi	2	1,00
64998701	65098701	65048701	FUT8	Han	5	1,00
64998701	65098701	65048701	FUT8	Pathan	9	1,00
70436969	70536969	70486969	OGT	Basque	3	1,00
70406969	70506969	70456969	OGT	Bedouin	3	1,00
68861490	68961490	68911490	SIAT4B	Biaka.Pygmies	3	1,00
70436969	70536969	70486969	OGT	Makrani	3	1,00
70406969	70506969	70456969	OGT	Mandenka	3	1,00
70676969	70776969	70726969	OGT	Maya	3	1,00
70436969	70536969	70486969	OGT	Palestinian	3	1,00
70436969	70536969	70486969	OGT	Pathan	3	1,00
99995776	100095776	100045776	SIAT10	Biaka.Pygmies	6	1,00
64998701	65098701	65048701	FUT8	Pima	5	1,00
70436969	70536969	70486969	OGT	Bedouin	4	1,00
64998701	65098701	65048701	FUT8	Yakut	7	1,00
64998701	65098701	65048701	FUT8	Hazara	9	1,00
70526969	70626969	70576969	OGT	Adygei	1	1,00
70556969	70656969	70606969	OGT	Adygei	1	1,00
70526969	70626969	70576969	OGT	Balochi	1	1,00
70556969	70656969	70606969	OGT	Balochi	1	1,00
70466969	70566969	70516969	OGT	Basque	2	1,00
70496969	70596969	70546969	OGT	Basque	1	1,00
70526969	70626969	70576969	OGT	Basque	1	1,00
70556969	70656969	70606969	OGT	Basque	1	1,00
70466969	70566969	70516969	OGT	Bedouin	2	1,00
70496969	70596969	70546969	OGT	Bedouin	1	1,00
70526969	70626969	70576969	OGT	Bedouin	1	1,00
70556969	70656969	70606969	OGT	Bedouin	1	1,00
70466969	70566969	70516969	OGT	Brahui	2	1,00
70496969	70596969	70546969	OGT	Brahui	1	1,00
70526969	70626969	70576969	OGT	Burusho	1	1,00
70556969	70656969	70606969	OGT	Burusho	1	1,00
64998701	65098701	65048701	FUT8	Cambodian	7	1,00
70526969	70626969	70576969	OGT	French	1	1,00
70556969	70656969	70606969	OGT	French	1	1,00
70526969	70626969	70576969	OGT	Hazara	1	1,00
70556969	70656969	70606969	OGT	Hazara	1	1,00
70526969	70626969	70576969	OGT	Kalash	1	1,00
70556969	70656969	70606969	OGT	Kalash	1	1,00
70466969	70566969	70516969	OGT	Makrani	2	1,00
70496969	70596969	70546969	OGT	Makrani	1	1,00
70526969	70626969	70576969	OGT	Makrani	1	1,00
70556969	70656969	70606969	OGT	Makrani	1	1,00
70376969	70476969	70426969	OGT	Mandenka	2	1,00
70376969	70476969	70426969	OGT	Maya	1	1,00
70406969	70506969	70456969	OGT	Maya	1	1,00
70436969	70536969	70486969	OGT	Maya	1	1,00
70526969	70626969	70576969	OGT	Maya	1	1,00
70556969	70656969	70606969	OGT	Maya	1	1,00
68861490	68961490	68911490	SIAT4B	Mbuti.Pygmies	2	1,00
70376969	70476969	70426969	OGT	Mozabite	2	1,00
70406969	70506969	70456969	OGT	Mozabite	3	1,00
70436969	70536969	70486969	OGT	Mozabite	4	1,00
70466969	70566969	70516969	OGT	Mozabite	2	1,00
70496969	70596969	70546969	OGT	Mozabite	1	1,00
64998701	65098701	65048701	FUT8	NAN.Melanesian	2	1,00
70526969	70626969	70576969	OGT	Orcadian	1	1,00
70556969	70656969	70606969	OGT	Orcadian	1	1,00
70466969	70566969	70516969	OGT	Palestinian	2	1,00
70496969	70596969	70546969	OGT	Palestinian	1	1,00
70526969	70626969	70576969	OGT	Palestinian	1	1,00
70556969	70656969	70606969	OGT	Palestinian	1	1,00
64998701	65098701	65048701	FUT8	Papuan	5	1,00
68771490	68871490	68821490	SIAT4B	Papuan	2	1,00
68801490	68901490	68851490	SIAT4B	Papuan	2	1,00
68831490	68931490	68881490	SIAT4B	Papuan	3	1,00
70466969	70566969	70516969	OGT	Pathan	2	1,00
70496969	70596969	70546969	OGT	Pathan	1	1,00
70526969	70626969	70576969	OGT	Sindhi	1	1,00
70556969	70656969	70606969	OGT	Sindhi	1	1,00
70376969	70476969	70426969	OGT	Yakut	1	1,00
70406969	70506969	70456969	OGT	Yakut	1	1,00
70436969	70536969	70486969	OGT	Yakut	1	1,00
70376969	70476969	70426969	OGT	Yoruba	1	1,00
70406969	70506969	70456969	OGT	Yoruba	2	1,00
65058701	65158701	65108701	FUT8	Biaka.Pygmies	10	0,90
64998701	65098701	65048701	FUT8	Biaka.Pygmies	10	0,90
65058701	65158701	65108701	FUT8	Cambodian	10	0,90
65028701	65128701	65078701	FUT8	Biaka.Pygmies	9	0,89
99965776	100065776	100015776	SIAT10	Kalash	9	0,89
65148701	65248701	65198701	FUT8	Maya	9	0,89
174203751	174303751	174253751	GALNT7_17	Biaka.Pygmies	17	0,88
30282171	30382171	30332171	FUT12	Yoruba	8	0,88
64968701	65068701	65018701	FUT8	Pathan	8	0,88
30282171	30382171	30332171	FUT12	Biaka.Pygmies	8	0,88
64968701	65068701	65018701	FUT8	Hazara	8	0,88
64968701	65068701	65018701	FUT8	Yakut	8	0,88
65028701	65128701	65078701	FUT8	Cambodian	8	0,88
64968701	65068701	65018701	FUT8	Cambodian	8	0,88
64968701	65068701	65018701	FUT8	Japanese	7	0,86
33339383	33439383	33389383	FUT10	San	14	0,86
65028701	65128701	65078701	FUT8	Mbuti.Pygmies	7	0,86
99995776	100095776	100045776	SIAT10	Bantu	7	0,86
64968701	65068701	65018701	FUT8	Han	7	0,86
65058701	65158701	65108701	FUT8	Papuan	7	0,86
65088701	65188701	65138701	FUT8	San	6	0,83
65178701	65278701	65228701	FUT8	San	6	0,83
77157338	77257338	77207338	SIAT7C_E	Biaka.Pygmies	12	0,83
76264680	76364680	76314680	B3GNT6	Sardinian	6	0,83
65118701	65218701	65168701	FUT8	Maya	12	0,83
64968701	65068701	65018701	FUT8	Papuan	6	0,83
65088701	65188701	65138701	FUT8	Biaka.Pygmies	11	0,82
44085707	44185707	44135707	SIAT6	Bantu	11	0,82
65088701	65188701	65138701	FUT8	Cambodian	11	0,82
68861490	68961490	68911490	SIAT4B	North.West.China	5	0,80
76264680	76364680	76314680	B3GNT6	Papuan	5	0,80
64968701	65068701	65018701	FUT8	San	5	0,80
65058701	65158701	65108701	FUT8	San	5	0,80
65148701	65248701	65198701	FUT8	San	5	0,80
33429383	33529383	33479383	FUT10	Biaka.Pygmies	10	0,80
68861490	68961490	68911490	SIAT4B	North.East.China	5	0,80
65208701	65308701	65258701	FUT8	Biaka.Pygmies	10	0,80
68831490	68931490	68881490	SIAT4B	Bantu	5	0,80
68831490	68931490	68881490	SIAT4B	Biaka.Pygmies	5	0,80
68861490	68961490	68911490	SIAT4B	Hazara	5	0,80
68861490	68961490	68911490	SIAT4B	Japanese	5	0,80
68831490	68931490	68881490	SIAT4B	Mozabite	5	0,80
68831490	68931490	68881490	SIAT4B	Palestinian	5	0,80
68831490	68931490	68881490	SIAT4B	Sindhi	5	0,80
68861490	68961490	68911490	SIAT4B	South.China	5	0,80
68861490	68961490	68911490	SIAT4B	Yoruba	5	0,80
64998701	65098701	65048701	FUT8	Maya	10	0,80
68831490	68931490	68881490	SIAT4B	Bedouin	5	0,80
99965776	100065776	100015776	SIAT10	Biaka.Pygmies	10	0,80
65058701	65158701	65108701	FUT8	NAN.Melanesian	5	0,80
64968701	65068701	65018701	FUT8	Pima	5	0,80
76324680	76424680	76374680	B3GNT6	Biaka.Pygmies	10	0,80
65028701	65128701	65078701	FUT8	Papuan	5	0,80
65028701	65128701	65078701	FUT8	Hazara	10	0,80
174383751	174483751	174433751	GALNT7_17	San	9	0,78
65118701	65218701	65168701	FUT8	Cambodian	9	0,78
96743842	96843842	96793842	FUT9	Yoruba	18	0,78
65058701	65158701	65108701	FUT8	Mbuti.Pygmies	9	0,78
99995776	100095776	100045776	SIAT10	Sindhi	9	0,78
96713842	96813842	96763842	FUT9	Mbuti.Pygmies	18	0,78
64968701	65068701	65018701	FUT8	Biaka.Pygmies	9	0,78
64968701	65068701	65018701	FUT8	Maya	9	0,78
65058701	65158701	65108701	FUT8	Hazara	13	0,77
174203751	174303751	174253751	GALNT7_17	Yoruba	17	0,76
68861490	68961490	68911490	SIAT4B	Basque	4	0,75
68831490	68931490	68881490	SIAT4B	Cambodian	4	0,75
68861490	68961490	68911490	SIAT4B	Cambodian	4	0,75
68861490	68961490	68911490	SIAT4B	French	4	0,75
68831490	68931490	68881490	SIAT4B	North.East.China	4	0,75
68861490	68961490	68911490	SIAT4B	North.Italy	4	0,75
68831490	68931490	68881490	SIAT4B	North.West.China	4	0,75
44115707	44215707	44165707	SIAT6	San	4	0,75
68831490	68931490	68881490	SIAT4B	Yakut	4	0,75
100130916	100230916	100180916	SIAT8D	Pima	12	0,75
65148701	65248701	65198701	FUT8	Biaka.Pygmies	8	0,75
30222171	30322171	30272171	FUT12	Mbuti.Pygmies	8	0,75
30222171	30322171	30272171	FUT12	Yoruba	8	0,75
70706969	70806969	70756969	OGT	Bedouin	4	0,75
70706969	70806969	70756969	OGT	Bedouin	4	0,75
65178701	65278701	65228701	FUT8	Biaka.Pygmies	8	0,75
30282171	30382171	30332171	FUT12	Bantu	8	0,75
65118701	65218701	65168701	FUT8	Biaka.Pygmies	8	0,75
68831490	68931490	68881490	SIAT4B	Balochi	4	0,75
70436969	70536969	70486969	OGT	Bantu	4	0,75
68861490	68961490	68911490	SIAT4B	Bantu	4	0,75
68831490	68931490	68881490	SIAT4B	Japanese	4	0,75
70706969	70806969	70756969	OGT	North.Italy	4	0,75
70706969	70806969	70756969	OGT	North.Italy	4	0,75
68831490	68931490	68881490	SIAT4B	South.China	4	0,75
65118701	65218701	65168701	FUT8	North.West.China	12	0,75
33399383	33499383	33449383	FUT10	Kalash	12	0,75
65058701	65158701	65108701	FUT8	North.West.China	12	0,75
17784449	17884449	17834449	SIAT8F	Russian	12	0,75
174203751	174303751	174253751	GALNT7_17	Mbuti.Pygmies	16	0,75
65178701	65278701	65228701	FUT8	Maya	8	0,75
64998701	65098701	65048701	FUT8	North.East.China	8	0,75
17784449	17884449	17834449	SIAT8F	Balochi	12	0,75
17784449	17884449	17834449	SIAT8F	Brahui	12	0,75
76647338	76747338	76697338	SIAT7C_E	Biaka.Pygmies	16	0,75
64998701	65098701	65048701	FUT8	Mbuti.Pygmies	8	0,75
44115707	44215707	44165707	SIAT6	French	12	0,75
68801490	68901490	68851490	SIAT4B	Biaka.Pygmies	4	0,75
68861490	68961490	68911490	SIAT4B	Brahui	4	0,75
68861490	68961490	68911490	SIAT4B	Burusho	4	0,75
68831490	68931490	68881490	SIAT4B	Hazara	4	0,75
17784449	17884449	17834449	SIAT8F	Hazara	12	0,75
70706969	70806969	70756969	OGT	Maya	4	0,75
70706969	70806969	70756969	OGT	Maya	4	0,75
68831490	68931490	68881490	SIAT4B	Russian	4	0,75
68861490	68961490	68911490	SIAT4B	Sardinian	4	0,75
70436969	70536969	70486969	OGT	Sindhi	4	0,75
68801490	68901490	68851490	SIAT4B	Yoruba	4	0,75
76354680	76454680	76404680	B3GNT6	Biaka.Pygmies	12	0,75
76294680	76394680	76344680	B3GNT6	Sardinian	8	0,75
65088701	65188701	65138701	FUT8	Papuan	8	0,75
65028701	65128701	65078701	FUT8	Yakut	8	0,75
17784449	17884449	17834449	SIAT8F	Burusho	12	0,75
68831490	68931490	68881490	SIAT4B	Brahui	4	0,75
64968701	65068701	65018701	FUT8	NAN.Melanesian	4	0,75
68861490	68961490	68911490	SIAT4B	Pima	4	0,75
70586969	70686969	70636969	OGT	Russian	4	0,75
70586969	70686969	70636969	OGT	French	4	0,75
