#gene_name, gene_start, gene_end, window_start, window_middle, window_end, population,     number, score
FUT8	64947593	65279715	64998701	65098701	65048701	Adygei	8	0,625
GALNT13	154436712	155018734	154699031	154799031	154749031	Adygei	14	0,642857143
GALNT7_17	172971232	174481692	173783751	173883751	173833751	Adygei	16	0,625
WBSCR17	70235725	70816520	70526969	70626969	70576969	Adygei	1	1
WBSCR17	70235725	70816520	70556969	70656969	70606969	Adygei	1	1
SIAT6	43974491	44169418	44145707	44245707	44195707	Adygei	13	0,615384615
SIAT7C_E	76312992	77302325	77037338	77137338	77087338	Adygei	16	0,625
FUT8	64947593	65279715	64968701	65068701	65018701	Balochi	10	0,7
FUT8	64947593	65279715	64998701	65098701	65048701	Balochi	11	0,727272727
FUT8	64947593	65279715	65028701	65128701	65078701	Balochi	11	0,636363636
FUT8	64947593	65279715	65178701	65278701	65228701	Balochi	8	0,625
GALNT13	154436712	155018734	154699031	154799031	154749031	Balochi	15	0,666666667
GALNT7_17	172971232	174481692	173423751	173523751	173473751	Balochi	13	0,615384615
WBSCR17	70235725	70816520	70526969	70626969	70576969	Balochi	1	1
WBSCR17	70235725	70816520	70556969	70656969	70606969	Balochi	1	1
SIAT10	99933842	99995926	99965776	100065776	100015776	Balochi	10	0,6
SIAT10	99933842	99995926	99995776	100095776	100045776	Balochi	9	0,666666667
GALNTL1	68796668	68890936	68771490	68871490	68821490	Balochi	3	0,666666667
GALNTL1	68796668	68890936	68801490	68901490	68851490	Balochi	3	0,666666667
GALNTL1	68796668	68890936	68831490	68931490	68881490	Balochi	4	0,75
SIAT8D	100170803	100266869	100130916	100230916	100180916	Balochi	15	0,666666667
SIAT8D	100170803	100266869	100160916	100260916	100210916	Balochi	16	0,6875
B3GNT3	17766658	17785385	17724449	17824449	17774449	Balochi	22	0,636363636
B3GNT3	17766658	17785385	17784449	17884449	17834449	Balochi	12	0,75
SIAT8F	17402682	17536260	17517176	17617176	17567176	Bantu	16	0,625
SIAT7C_E	76312992	77302325	76354680	76454680	76404680	Bantu	10	0,6
B4GALT1	33100642	33157231	33069383	33169383	33119383	Bantu	11	0,727272727
FUT12	30259357	30290128	30222171	30322171	30272171	Bantu	8	0,625
FUT12	30259357	30290128	30282171	30382171	30332171	Bantu	8	0,75
FUT8	64947593	65279715	64968701	65068701	65018701	Bantu	9	0,666666667
FUT8	64947593	65279715	64998701	65098701	65048701	Bantu	10	0,6
FUT8	64947593	65279715	65028701	65128701	65078701	Bantu	10	0,6
FUT9	96570590	96760477	96743842	96843842	96793842	Bantu	18	0,666666667
GALNT14	30986837	31205994	31090883	31190883	31140883	Bantu	15	0,666666667
GALNT14	30986837	31205994	31120883	31220883	31170883	Bantu	15	0,6
SIAT8D	100170803	100266869	100212055	100312055	100262055	Bantu	34	0,617647059
GALNT7_17	172971232	174481692	173543751	173643751	173593751	Bantu	13	0,615384615
GALNT7_17	172971232	174481692	174203751	174303751	174253751	Bantu	17	0,647058824
GALNTL1	68796668	68890936	68847775	68947775	68897775	Bantu	20	0,6
WBSCR17	70235725	70816520	70376969	70476969	70426969	Bantu	2	1
WBSCR17	70235725	70816520	70406969	70506969	70456969	Bantu	3	1
WBSCR17	70235725	70816520	70436969	70536969	70486969	Bantu	4	0,75
SIAT10	99933842	99995926	99995776	100095776	100045776	Bantu	7	0,857142857
SIAT4A	134540325	134653344	134501015	134601015	134551015	Bantu	43	0,604651163
GALNTL1	68796668	68890936	68771490	68871490	68821490	Bantu	3	0,666666667
GALNTL1	68796668	68890936	68801490	68901490	68851490	Bantu	3	0,666666667
GALNTL1	68796668	68890936	68831490	68931490	68881490	Bantu	5	0,8
GALNTL1	68796668	68890936	68861490	68961490	68911490	Bantu	4	0,75
SIAT6	43974491	44169418	44025707	44125707	44075707	Bantu	16	0,6875
SIAT6	43974491	44169418	44055707	44155707	44105707	Bantu	11	0,636363636
SIAT6	43974491	44169418	44085707	44185707	44135707	Bantu	11	0,818181818
SIAT6	43974491	44169418	44115707	44215707	44165707	Bantu	11	0,636363636
SIAT6	43974491	44169418	44145707	44245707	44195707	Bantu	15	0,666666667
SIAT7C_E	76312992	77302325	76407338	76507338	76457338	Bantu	23	0,652173913
SIAT7C_E	76312992	77302325	76977338	77077338	77027338	Bantu	16	0,625
SIAT8D	100170803	100266869	100130916	100230916	100180916	Bantu	14	0,714285714
B3GNT3	17766658	17785385	17724449	17824449	17774449	Bantu	20	0,65
B3GNT3	17766658	17785385	17784449	17884449	17834449	Bantu	10	0,6
FUT8	64947593	65279715	64968701	65068701	65018701	Basque	9	0,666666667
FUT8	64947593	65279715	64998701	65098701	65048701	Basque	10	0,7
FUT8	64947593	65279715	65028701	65128701	65078701	Basque	10	0,6
FUT8	64947593	65279715	65058701	65158701	65108701	Basque	15	0,6
FUT8	64947593	65279715	65118701	65218701	65168701	Basque	13	0,615384615
FUT8	64947593	65279715	65178701	65278701	65228701	Basque	8	0,625
WBSCR17	70235725	70816520	70376969	70476969	70426969	Basque	1	1
WBSCR17	70235725	70816520	70406969	70506969	70456969	Basque	2	1
WBSCR17	70235725	70816520	70436969	70536969	70486969	Basque	3	1
WBSCR17	70235725	70816520	70466969	70566969	70516969	Basque	2	1
WBSCR17	70235725	70816520	70496969	70596969	70546969	Basque	1	1
WBSCR17	70235725	70816520	70526969	70626969	70576969	Basque	1	1
WBSCR17	70235725	70816520	70556969	70656969	70606969	Basque	1	1
WBSCR17	70235725	70816520	70586969	70686969	70636969	Basque	3	0,666666667
SIAT10	99933842	99995926	99965776	100065776	100015776	Basque	11	0,636363636
SIAT10	99933842	99995926	99995776	100095776	100045776	Basque	9	0,666666667
GALNTL1	68796668	68890936	68831490	68931490	68881490	Basque	3	0,666666667
GALNTL1	68796668	68890936	68861490	68961490	68911490	Basque	4	0,75
SIAT6	43974491	44169418	44115707	44215707	44165707	Basque	11	0,636363636
SIAT6	43974491	44169418	44145707	44245707	44195707	Basque	14	0,642857143
SIAT7D_F	129687422	129719126	129711436	129811436	129761436	Basque	13	0,615384615
B4GALT4	120413277	120442442	120433382	120533382	120483382	Bedouin	21	0,619047619
FUT8	64947593	65279715	64998701	65098701	65048701	Bedouin	10	0,7
FUT8	64947593	65279715	65178701	65278701	65228701	Bedouin	8	0,625
GALNT7_17	172971232	174481692	173783751	173883751	173833751	Bedouin	16	0,625
WBSCR17	70235725	70816520	70376969	70476969	70426969	Bedouin	2	1
WBSCR17	70235725	70816520	70406969	70506969	70456969	Bedouin	3	1
WBSCR17	70235725	70816520	70436969	70536969	70486969	Bedouin	4	1
WBSCR17	70235725	70816520	70466969	70566969	70516969	Bedouin	2	1
WBSCR17	70235725	70816520	70496969	70596969	70546969	Bedouin	1	1
WBSCR17	70235725	70816520	70526969	70626969	70576969	Bedouin	1	1
WBSCR17	70235725	70816520	70556969	70656969	70606969	Bedouin	1	1
WBSCR17	70235725	70816520	70676969	70776969	70726969	Bedouin	3	0,666666667
OGT	70682292	70712465	70706969	70806969	70756969	Bedouin	4	0,75
WBSCR17	70235725	70816520	70706969	70806969	70756969	Bedouin	4	0,75
WBSCR17	70235725	70816520	70736969	70836969	70786969	Bedouin	5	0,6
WBSCR17	70235725	70816520	70766969	70866969	70816969	Bedouin	3	0,666666667
GALNTL1	68796668	68890936	68801490	68901490	68851490	Bedouin	3	0,666666667
GALNTL1	68796668	68890936	68831490	68931490	68881490	Bedouin	5	0,8
GALNTL1	68796668	68890936	68861490	68961490	68911490	Bedouin	6	0,666666667
SIAT4B	68972810	68992042	68981490	69081490	69031490	Bedouin	5	0,6
SIAT7C_E	76312992	77302325	76264680	76364680	76314680	Biaka.Pygmies	9	0,666666667
SIAT7C_E	76312992	77302325	76294680	76394680	76344680	Biaka.Pygmies	12	0,666666667
SIAT7C_E	76312992	77302325	76324680	76424680	76374680	Biaka.Pygmies	10	0,8
SIAT7C_E	76312992	77302325	76354680	76454680	76404680	Biaka.Pygmies	12	0,75
SIAT7C_E	76312992	77302325	76384680	76484680	76434680	Biaka.Pygmies	15	0,666666667
SIAT7C_E	76312992	77302325	76474680	76574680	76524680	Biaka.Pygmies	24	0,666666667
SIAT7C_E	76312992	77302325	76534680	76634680	76584680	Biaka.Pygmies	23	0,608695652
SIAT7C_E	76312992	77302325	76684680	76784680	76734680	Biaka.Pygmies	11	0,636363636
SIAT7C_E	76312992	77302325	76714680	76814680	76764680	Biaka.Pygmies	9	0,666666667
SIAT7C_E	76312992	77302325	76744680	76844680	76794680	Biaka.Pygmies	8	0,625
B4GALT4	120413277	120442442	120433382	120533382	120483382	Biaka.Pygmies	19	0,684210526
FUT10	33365956	33450206	33339383	33439383	33389383	Biaka.Pygmies	16	0,625
FUT10	33365956	33450206	33369383	33469383	33419383	Biaka.Pygmies	11	0,636363636
FUT10	33365956	33450206	33399383	33499383	33449383	Biaka.Pygmies	9	0,666666667
FUT10	33365956	33450206	33429383	33529383	33479383	Biaka.Pygmies	10	0,8
FUT12	30259357	30290128	30222171	30322171	30272171	Biaka.Pygmies	8	0,625
FUT12	30259357	30290128	30282171	30382171	30332171	Biaka.Pygmies	8	0,875
FUT8	64947593	65279715	64968701	65068701	65018701	Biaka.Pygmies	9	0,777777778
FUT8	64947593	65279715	64998701	65098701	65048701	Biaka.Pygmies	10	0,9
FUT8	64947593	65279715	65028701	65128701	65078701	Biaka.Pygmies	9	0,888888889
FUT8	64947593	65279715	65058701	65158701	65108701	Biaka.Pygmies	10	0,9
FUT8	64947593	65279715	65088701	65188701	65138701	Biaka.Pygmies	11	0,818181818
FUT8	64947593	65279715	65118701	65218701	65168701	Biaka.Pygmies	8	0,75
FUT8	64947593	65279715	65148701	65248701	65198701	Biaka.Pygmies	8	0,75
FUT8	64947593	65279715	65178701	65278701	65228701	Biaka.Pygmies	8	0,75
FUT8	64947593	65279715	65208701	65308701	65258701	Biaka.Pygmies	10	0,8
FUT8	64947593	65279715	65238701	65338701	65288701	Biaka.Pygmies	14	0,642857143
FUT9	96570590	96760477	96713842	96813842	96763842	Biaka.Pygmies	14	0,714285714
FUT9	96570590	96760477	96743842	96843842	96793842	Biaka.Pygmies	16	0,6875
GALNT14	30986837	31205994	31090883	31190883	31140883	Biaka.Pygmies	15	0,666666667
GALNT14	30986837	31205994	31120883	31220883	31170883	Biaka.Pygmies	15	0,6
GALNT10	153550488	153780003	153725529	153825529	153775529	Biaka.Pygmies	40	0,65
GALNT10	153550488	153780003	153755529	153855529	153805529	Biaka.Pygmies	35	0,6
GALNT13	154436712	155018734	154699031	154799031	154749031	Biaka.Pygmies	10	0,7
GALNT13	154436712	155018734	154759031	154859031	154809031	Biaka.Pygmies	11	0,636363636
GALNT13	154436712	155018734	154819031	154919031	154869031	Biaka.Pygmies	20	0,65
GALNT18	11248999	11600128	11576012	11676012	11626012	Biaka.Pygmies	26	0,615384615
GALNT6	50032100	50071467	50061968	50161968	50111968	Biaka.Pygmies	20	0,6
GALNT7_17	172971232	174481692	173903751	174003751	173953751	Biaka.Pygmies	17	0,647058824
GALNT7_17	172971232	174481692	174053751	174153751	174103751	Biaka.Pygmies	11	0,727272727
GALNT7_17	172971232	174481692	174203751	174303751	174253751	Biaka.Pygmies	17	0,882352941
GALNT7_17	172971232	174481692	174233751	174333751	174283751	Biaka.Pygmies	19	0,684210526
GALNT7_17	172971232	174481692	174473751	174573751	174523751	Biaka.Pygmies	10	0,6
SIAT1	188131210	188279035	188245465	188345465	188295465	Biaka.Pygmies	25	0,6
SIAT1	188131210	188279035	188275465	188375465	188325465	Biaka.Pygmies	21	0,714285714
SIAT10	99933842	99995926	99965776	100065776	100015776	Biaka.Pygmies	10	0,8
SIAT10	99933842	99995926	99995776	100095776	100045776	Biaka.Pygmies	6	1
GALNTL1	68796668	68890936	68771490	68871490	68821490	Biaka.Pygmies	3	0,666666667
GALNTL1	68796668	68890936	68801490	68901490	68851490	Biaka.Pygmies	4	0,75
GALNTL1	68796668	68890936	68831490	68931490	68881490	Biaka.Pygmies	5	0,8
GALNTL1	68796668	68890936	68861490	68961490	68911490	Biaka.Pygmies	3	1
SIAT6	43974491	44169418	44025707	44125707	44075707	Biaka.Pygmies	16	0,625
SIAT7C_E	76312992	77302325	76407338	76507338	76457338	Biaka.Pygmies	23	0,695652174
SIAT7C_E	76312992	77302325	76527338	76627338	76577338	Biaka.Pygmies	26	0,615384615
SIAT7C_E	76312992	77302325	76587338	76687338	76637338	Biaka.Pygmies	24	0,625
SIAT7C_E	76312992	77302325	76617338	76717338	76667338	Biaka.Pygmies	17	0,647058824
SIAT7C_E	76312992	77302325	76647338	76747338	76697338	Biaka.Pygmies	16	0,75
SIAT7C_E	76312992	77302325	76677338	76777338	76727338	Biaka.Pygmies	24	0,625
SIAT7C_E	76312992	77302325	76737338	76837338	76787338	Biaka.Pygmies	38	0,605263158
SIAT7C_E	76312992	77302325	76767338	76867338	76817338	Biaka.Pygmies	38	0,605263158
SIAT7C_E	76312992	77302325	76947338	77047338	76997338	Biaka.Pygmies	20	0,6
SIAT7C_E	76312992	77302325	77157338	77257338	77207338	Biaka.Pygmies	12	0,833333333
SIAT7C_E	76312992	77302325	77187338	77287338	77237338	Biaka.Pygmies	9	0,666666667
SIAT10	99933842	99995926	99890916	99990916	99940916	Biaka.Pygmies	18	0,611111111
SIAT10	99933842	99995926	99920916	100020916	99970916	Biaka.Pygmies	18	0,611111111
SIAT8D	100170803	100266869	100130916	100230916	100180916	Biaka.Pygmies	10	0,7
B3GNT3	17766658	17785385	17724449	17824449	17774449	Biaka.Pygmies	20	0,7
B3GNT3	17766658	17785385	17784449	17884449	17834449	Biaka.Pygmies	10	0,6
WBSCR17	70235725	70816520	70467650	70567650	70517650	Biaka.Pygmies	24	0,708333333
WBSCR17	70235725	70816520	70497650	70597650	70547650	Biaka.Pygmies	24	0,708333333
FUT8	64947593	65279715	64998701	65098701	65048701	Brahui	8	0,625
GALNT7_17	172971232	174481692	173783751	173883751	173833751	Brahui	16	0,625
WBSCR17	70235725	70816520	70436969	70536969	70486969	Brahui	3	0,666666667
WBSCR17	70235725	70816520	70466969	70566969	70516969	Brahui	2	1
WBSCR17	70235725	70816520	70496969	70596969	70546969	Brahui	1	1
WBSCR17	70235725	70816520	70766969	70866969	70816969	Brahui	3	0,666666667
SIAT1	188131210	188279035	188275465	188375465	188325465	Brahui	23	0,608695652
GALNTL1	68796668	68890936	68771490	68871490	68821490	Brahui	3	0,666666667
GALNTL1	68796668	68890936	68801490	68901490	68851490	Brahui	3	0,666666667
GALNTL1	68796668	68890936	68831490	68931490	68881490	Brahui	4	0,75
GALNTL1	68796668	68890936	68861490	68961490	68911490	Brahui	4	0,75
SIAT6	43974491	44169418	44115707	44215707	44165707	Brahui	10	0,6
SIAT7D_F	129687422	129719126	129711436	129811436	129761436	Brahui	13	0,692307692
B3GNT3	17766658	17785385	17724449	17824449	17774449	Brahui	22	0,636363636
B3GNT3	17766658	17785385	17784449	17884449	17834449	Brahui	12	0,75
FUT8	64947593	65279715	64968701	65068701	65018701	Burusho	8	0,625
FUT8	64947593	65279715	64998701	65098701	65048701	Burusho	9	0,666666667
FUT8	64947593	65279715	65028701	65128701	65078701	Burusho	10	0,6
FUT9	96570590	96760477	96713842	96813842	96763842	Burusho	16	0,625
FUT9	96570590	96760477	96743842	96843842	96793842	Burusho	16	0,6875
GALNT13	154436712	155018734	154819031	154919031	154869031	Burusho	19	0,684210526
GALNT1	31488594	31545792	31526900	31626900	31576900	Burusho	7	0,714285714
GALNT7_17	172971232	174481692	173753751	173853751	173803751	Burusho	14	0,714285714
GALNT7_17	172971232	174481692	173783751	173883751	173833751	Burusho	17	0,647058824
GALNT7_17	172971232	174481692	173963751	174063751	174013751	Burusho	17	0,647058824
WBSCR17	70235725	70816520	70526969	70626969	70576969	Burusho	1	1
WBSCR17	70235725	70816520	70556969	70656969	70606969	Burusho	1	1
WBSCR17	70235725	70816520	70766969	70866969	70816969	Burusho	3	0,666666667
GALNTL1	68796668	68890936	68831490	68931490	68881490	Burusho	3	0,666666667
GALNTL1	68796668	68890936	68861490	68961490	68911490	Burusho	4	0,75
SIAT7C_E	76312992	77302325	77007338	77107338	77057338	Burusho	18	0,611111111
SIAT7C_E	76312992	77302325	77037338	77137338	77087338	Burusho	16	0,6875
B3GNT3	17766658	17785385	17724449	17824449	17774449	Burusho	22	0,681818182
B3GNT3	17766658	17785385	17784449	17884449	17834449	Burusho	12	0,75
FUT7	139044447	139047283	139044524	139144524	139094524	Cambodian	8	0,625
FUT8	64947593	65279715	64938701	65038701	64988701	Cambodian	14	0,642857143
FUT8	64947593	65279715	64968701	65068701	65018701	Cambodian	8	0,875
FUT8	64947593	65279715	64998701	65098701	65048701	Cambodian	7	1
FUT8	64947593	65279715	65028701	65128701	65078701	Cambodian	8	0,875
FUT8	64947593	65279715	65058701	65158701	65108701	Cambodian	10	0,9
FUT8	64947593	65279715	65088701	65188701	65138701	Cambodian	11	0,818181818
FUT8	64947593	65279715	65118701	65218701	65168701	Cambodian	9	0,777777778
FUT8	64947593	65279715	65148701	65248701	65198701	Cambodian	6	0,666666667
FUT8	64947593	65279715	65178701	65278701	65228701	Cambodian	7	0,714285714
FUT9	96570590	96760477	96743842	96843842	96793842	Cambodian	13	0,692307692
GALNT13	154436712	155018734	154909031	155009031	154959031	Cambodian	30	0,6
GALNT7_17	172971232	174481692	173273751	173373751	173323751	Cambodian	8	0,625
GALNT7_17	172971232	174481692	174203751	174303751	174253751	Cambodian	12	0,666666667
GALNTL1	68796668	68890936	68831490	68931490	68881490	Cambodian	4	0,75
GALNTL1	68796668	68890936	68861490	68961490	68911490	Cambodian	4	0,75
GALNT13	154436712	155018734	154519031	154619031	154569031	Colombian	8	0,625
GALNT13	154436712	155018734	154549031	154649031	154599031	Colombian	5	0,6
WBSCR17	70235725	70816520	70376969	70476969	70426969	Colombian	1	1
WBSCR17	70235725	70816520	70406969	70506969	70456969	Colombian	1	1
WBSCR17	70235725	70816520	70436969	70536969	70486969	Colombian	1	1
WBSCR17	70235725	70816520	70676969	70776969	70726969	Colombian	2	1
OGT	70682292	70712465	70706969	70806969	70756969	Colombian	3	0,666666667
WBSCR17	70235725	70816520	70706969	70806969	70756969	Colombian	3	0,666666667
SIAT4B	68972810	68992042	68981490	69081490	69031490	Colombian	3	0,666666667
SIAT6	43974491	44169418	44115707	44215707	44165707	Colombian	8	0,625
FUT12	30259357	30290128	30222171	30322171	30272171	Druze	8	0,625
FUT8	64947593	65279715	64998701	65098701	65048701	Druze	8	0,625
FUT8	64947593	65279715	65178701	65278701	65228701	Druze	8	0,625
GALNT13	154436712	155018734	154819031	154919031	154869031	Druze	20	0,6
GALNT7_17	172971232	174481692	173783751	173883751	173833751	Druze	18	0,666666667
GALNT7_17	172971232	174481692	173813751	173913751	173863751	Druze	20	0,6
WBSCR17	70235725	70816520	70526969	70626969	70576969	Druze	1	1
WBSCR17	70235725	70816520	70556969	70656969	70606969	Druze	1	1
WBSCR17	70235725	70816520	70586969	70686969	70636969	Druze	3	0,666666667
GALNTL1	68796668	68890936	68831490	68931490	68881490	Druze	3	0,666666667
SIAT7C_E	76312992	77302325	77007338	77107338	77057338	Druze	18	0,611111111
SIAT7C_E	76312992	77302325	77037338	77137338	77087338	Druze	16	0,625
FUT8	64947593	65279715	64998701	65098701	65048701	French	8	0,625
GALNT7_17	172971232	174481692	173423751	173523751	173473751	French	13	0,615384615
GALNT7_17	172971232	174481692	173783751	173883751	173833751	French	16	0,625
WBSCR17	70235725	70816520	70526969	70626969	70576969	French	1	1
WBSCR17	70235725	70816520	70556969	70656969	70606969	French	1	1
WBSCR17	70235725	70816520	70586969	70686969	70636969	French	4	0,75
WBSCR17	70235725	70816520	70616969	70716969	70666969	French	3	0,666666667
OGT	70682292	70712465	70646969	70746969	70696969	French	3	0,666666667
WBSCR17	70235725	70816520	70646969	70746969	70696969	French	3	0,666666667
WBSCR17	70235725	70816520	70766969	70866969	70816969	French	3	0,666666667
SIAT10	99933842	99995926	99965776	100065776	100015776	French	12	0,666666667
SIAT10	99933842	99995926	99995776	100095776	100045776	French	9	0,666666667
GALNTL1	68796668	68890936	68831490	68931490	68881490	French	3	0,666666667
GALNTL1	68796668	68890936	68861490	68961490	68911490	French	4	0,75
SIAT6	43974491	44169418	44115707	44215707	44165707	French	12	0,75
SIAT6	43974491	44169418	44145707	44245707	44195707	French	15	0,733333333
SIAT7C_E	76312992	77302325	77007338	77107338	77057338	French	18	0,611111111
SIAT7C_E	76312992	77302325	77037338	77137338	77087338	French	16	0,625
SIAT7D_F	129687422	129719126	129711436	129811436	129761436	French	10	0,6
FUT8	64947593	65279715	64968701	65068701	65018701	Han	7	0,857142857
FUT8	64947593	65279715	64998701	65098701	65048701	Han	5	1
FUT8	64947593	65279715	65028701	65128701	65078701	Han	6	0,666666667
GALNT10	153550488	153780003	153545529	153645529	153595529	Han	33	0,606060606
GALNT13	154436712	155018734	154849031	154949031	154899031	Han	25	0,6
GALNT7_17	172971232	174481692	174353751	174453751	174403751	Han	15	0,6
SIAT4B	68972810	68992042	68937775	69037775	68987775	Han	16	0,625
SIAT10	99933842	99995926	99995776	100095776	100045776	Han	8	0,625
SIAT6	43974491	44169418	44115707	44215707	44165707	Han	11	0,727272727
SIAT6	43974491	44169418	44145707	44245707	44195707	Han	14	0,642857143
SIAT7C_E	76312992	77302325	76287338	76387338	76337338	Han	37	0,594594595
SIAT7C_E	76312992	77302325	76317338	76417338	76367338	Han	38	0,631578947
B3GNT6	76423083	76430653	76377338	76477338	76427338	Han	36	0,638888889
SIAT7C_E	76312992	77302325	76377338	76477338	76427338	Han	36	0,638888889
SIAT7C_E	76312992	77302325	76407338	76507338	76457338	Han	24	0,666666667
SIAT7C_E	76312992	77302325	76437338	76537338	76487338	Han	27	0,62962963
SIAT7C_E	76312992	77302325	76557338	76657338	76607338	Han	25	0,6
FUT8	64947593	65279715	64968701	65068701	65018701	Hazara	8	0,875
FUT8	64947593	65279715	64998701	65098701	65048701	Hazara	9	1
FUT8	64947593	65279715	65028701	65128701	65078701	Hazara	10	0,8
FUT8	64947593	65279715	65058701	65158701	65108701	Hazara	13	0,769230769
FUT8	64947593	65279715	65088701	65188701	65138701	Hazara	14	0,714285714
FUT8	64947593	65279715	65118701	65218701	65168701	Hazara	11	0,636363636
FUT8	64947593	65279715	65148701	65248701	65198701	Hazara	8	0,625
FUT8	64947593	65279715	65178701	65278701	65228701	Hazara	8	0,625
GALNT7_17	172971232	174481692	173753751	173853751	173803751	Hazara	13	0,692307692
GALNT7_17	172971232	174481692	173783751	173883751	173833751	Hazara	16	0,625
WBSCR17	70235725	70816520	70526969	70626969	70576969	Hazara	1	1
WBSCR17	70235725	70816520	70556969	70656969	70606969	Hazara	1	1
GALNTL1	68796668	68890936	68831490	68931490	68881490	Hazara	4	0,75
GALNTL1	68796668	68890936	68861490	68961490	68911490	Hazara	5	0,8
SIAT6	43974491	44169418	44115707	44215707	44165707	Hazara	11	0,636363636
B3GNT6	76423083	76430653	76377338	76477338	76427338	Hazara	38	0,657894737
SIAT7C_E	76312992	77302325	76377338	76477338	76427338	Hazara	38	0,657894737
B3GNT3	17766658	17785385	17784449	17884449	17834449	Hazara	12	0,75
SIAT8F	17402682	17536260	17457176	17557176	17507176	Japanese	14	0,714285714
SIAT8F	17402682	17536260	17487176	17587176	17537176	Japanese	13	0,615384615
FUT8	64947593	65279715	64938701	65038701	64988701	Japanese	13	0,615384615
FUT8	64947593	65279715	64968701	65068701	65018701	Japanese	7	0,857142857
FUT8	64947593	65279715	64998701	65098701	65048701	Japanese	6	1
FUT8	64947593	65279715	65028701	65128701	65078701	Japanese	7	0,714285714
FUT8	64947593	65279715	65058701	65158701	65108701	Japanese	10	0,7
FUT8	64947593	65279715	65088701	65188701	65138701	Japanese	12	0,666666667
FUT8	64947593	65279715	65118701	65218701	65168701	Japanese	10	0,7
FUT8	64947593	65279715	65178701	65278701	65228701	Japanese	7	0,714285714
FUT8	64947593	65279715	65208701	65308701	65258701	Japanese	8	0,625
SIAT8D	100170803	100266869	100242055	100342055	100292055	Japanese	30	0,666666667
GALNT13	154436712	155018734	154429031	154529031	154479031	Japanese	23	0,608695652
GALNT13	154436712	155018734	154489031	154589031	154539031	Japanese	16	0,625
SIAT8D	100170803	100266869	100205776	100305776	100255776	Japanese	11	0,636363636
GALNTL1	68796668	68890936	68831490	68931490	68881490	Japanese	4	0,75
GALNTL1	68796668	68890936	68861490	68961490	68911490	Japanese	5	0,8
SIAT6	43974491	44169418	44115707	44215707	44165707	Japanese	11	0,636363636
SIAT7C_E	76312992	77302325	76407338	76507338	76457338	Japanese	22	0,636363636
B3GNT3	17766658	17785385	17784449	17884449	17834449	Japanese	10	0,7
FUT10	33365956	33450206	33369383	33469383	33419383	Kalash	12	0,666666667
FUT10	33365956	33450206	33399383	33499383	33449383	Kalash	12	0,75
GALNT7_17	172971232	174481692	173423751	173523751	173473751	Kalash	13	0,615384615
GALNT7_17	172971232	174481692	173753751	173853751	173803751	Kalash	12	0,666666667
GALNT7_17	172971232	174481692	173783751	173883751	173833751	Kalash	14	0,642857143
GALNT7_17	172971232	174481692	173813751	173913751	173863751	Kalash	16	0,625
WBSCR17	70235725	70816520	70526969	70626969	70576969	Kalash	1	1
WBSCR17	70235725	70816520	70556969	70656969	70606969	Kalash	1	1
WBSCR17	70235725	70816520	70766969	70866969	70816969	Kalash	3	0,666666667
SIAT10	99933842	99995926	99965776	100065776	100015776	Kalash	9	0,888888889
SIAT10	99933842	99995926	99995776	100095776	100045776	Kalash	6	0,666666667
GALNTL1	68796668	68890936	68831490	68931490	68881490	Kalash	3	0,666666667
B3GNT3	17766658	17785385	17724449	17824449	17774449	Kalash	20	0,6
B3GNT3	17766658	17785385	17784449	17884449	17834449	Kalash	10	0,6
SIAT7C_E	76312992	77302325	76744680	76844680	76794680	Karitiana	6	0,666666667
GALNT13	154436712	155018734	154519031	154619031	154569031	Karitiana	8	0,625
GALNT13	154436712	155018734	154549031	154649031	154599031	Karitiana	5	0,6
GALNTL1	68796668	68890936	68831490	68931490	68881490	Karitiana	3	0,666666667
SIAT7D_F	129687422	129719126	129711436	129811436	129761436	Karitiana	12	0,666666667
B3GNT3	17766658	17785385	17784449	17884449	17834449	Karitiana	9	0,666666667
B3GALT1	168383428	168435612	168402253	168502253	168452253	Makrani	20	0,6
B3GALT1	168383428	168435612	168432253	168532253	168482253	Makrani	19	0,631578947
FUT12	30259357	30290128	30222171	30322171	30272171	Makrani	8	0,625
FUT8	64947593	65279715	64968701	65068701	65018701	Makrani	10	0,7
FUT8	64947593	65279715	64998701	65098701	65048701	Makrani	11	0,727272727
FUT8	64947593	65279715	65028701	65128701	65078701	Makrani	11	0,636363636
FUT9	96570590	96760477	96713842	96813842	96763842	Makrani	18	0,722222222
FUT9	96570590	96760477	96743842	96843842	96793842	Makrani	18	0,666666667
SIAT8D	100170803	100266869	100242055	100342055	100292055	Makrani	35	0,6
GALNT7_17	172971232	174481692	173423751	173523751	173473751	Makrani	14	0,642857143
GALNT7_17	172971232	174481692	173453751	173553751	173503751	Makrani	13	0,615384615
GALNT7_17	172971232	174481692	173783751	173883751	173833751	Makrani	16	0,625
WBSCR17	70235725	70816520	70376969	70476969	70426969	Makrani	1	1
WBSCR17	70235725	70816520	70406969	70506969	70456969	Makrani	2	1
WBSCR17	70235725	70816520	70436969	70536969	70486969	Makrani	3	1
WBSCR17	70235725	70816520	70466969	70566969	70516969	Makrani	2	1
WBSCR17	70235725	70816520	70496969	70596969	70546969	Makrani	1	1
WBSCR17	70235725	70816520	70526969	70626969	70576969	Makrani	1	1
WBSCR17	70235725	70816520	70556969	70656969	70606969	Makrani	1	1
WBSCR17	70235725	70816520	70586969	70686969	70636969	Makrani	3	0,666666667
WBSCR17	70235725	70816520	70766969	70866969	70816969	Makrani	3	0,666666667
GALNTL1	68796668	68890936	68831490	68931490	68881490	Makrani	5	0,6
GALNTL1	68796668	68890936	68861490	68961490	68911490	Makrani	5	0,6
SIAT6	43974491	44169418	44115707	44215707	44165707	Makrani	13	0,692307692
SIAT6	43974491	44169418	44145707	44245707	44195707	Makrani	16	0,625
B3GNT6	76423083	76430653	76377338	76477338	76427338	Makrani	40	0,6
SIAT7C_E	76312992	77302325	76377338	76477338	76427338	Makrani	40	0,6
SIAT7C_E	76312992	77302325	77037338	77137338	77087338	Makrani	16	0,625
SIAT8D	100170803	100266869	100130916	100230916	100180916	Makrani	14	0,642857143
SIAT8D	100170803	100266869	100160916	100260916	100210916	Makrani	14	0,642857143
B3GNT3	17766658	17785385	17784449	17884449	17834449	Makrani	12	0,666666667
SIAT8F	17402682	17536260	17517176	17617176	17567176	Mandenka	15	0,6
SIAT7C_E	76312992	77302325	76354680	76454680	76404680	Mandenka	10	0,6
C1GALT1	7240414	7250506	7196187	7296187	7246187	Mandenka	46	0,630434783
FUT8	64947593	65279715	64968701	65068701	65018701	Mandenka	8	0,625
GALNT14	30986837	31205994	31120883	31220883	31170883	Mandenka	14	0,642857143
GALNT13	154436712	155018734	154819031	154919031	154869031	Mandenka	17	0,647058824
GALNT7_17	172971232	174481692	173903751	174003751	173953751	Mandenka	18	0,611111111
GALNT7_17	172971232	174481692	174203751	174303751	174253751	Mandenka	18	0,666666667
GALNT7_17	172971232	174481692	174383751	174483751	174433751	Mandenka	11	0,636363636
WBSCR17	70235725	70816520	70376969	70476969	70426969	Mandenka	2	1
WBSCR17	70235725	70816520	70406969	70506969	70456969	Mandenka	3	1
WBSCR17	70235725	70816520	70436969	70536969	70486969	Mandenka	4	1
WBSCR17	70235725	70816520	70466969	70566969	70516969	Mandenka	2	1
WBSCR17	70235725	70816520	70496969	70596969	70546969	Mandenka	1	1
SIAT1	188131210	188279035	188275465	188375465	188325465	Mandenka	20	0,65
SIAT10	99933842	99995926	99995776	100095776	100045776	Mandenka	7	0,714285714
GALNTL1	68796668	68890936	68771490	68871490	68821490	Mandenka	3	0,666666667
SIAT4B	68972810	68992042	68981490	69081490	69031490	Mandenka	3	0,666666667
SIAT6	43974491	44169418	44085707	44185707	44135707	Mandenka	9	0,666666667
SIAT7C_E	76312992	77302325	76947338	77047338	76997338	Mandenka	22	0,636363636
SIAT7C_E	76312992	77302325	76977338	77077338	77027338	Mandenka	16	0,625
SIAT10	99933842	99995926	99980916	100080916	100030916	Mandenka	14	0,642857143
SIAT7C_E	76312992	77302325	76744680	76844680	76794680	Maya	6	0,666666667
FUT8	64947593	65279715	64968701	65068701	65018701	Maya	9	0,777777778
FUT8	64947593	65279715	64998701	65098701	65048701	Maya	10	0,8
FUT8	64947593	65279715	65028701	65128701	65078701	Maya	10	0,6
FUT8	64947593	65279715	65058701	65158701	65108701	Maya	14	0,642857143
FUT8	64947593	65279715	65088701	65188701	65138701	Maya	15	0,733333333
FUT8	64947593	65279715	65118701	65218701	65168701	Maya	12	0,833333333
FUT8	64947593	65279715	65148701	65248701	65198701	Maya	9	0,888888889
FUT8	64947593	65279715	65178701	65278701	65228701	Maya	8	0,75
GALNT10	153550488	153780003	153695529	153795529	153745529	Maya	46	0,630434783
GALNT10	153550488	153780003	153725529	153825529	153775529	Maya	38	0,631578947
GALNT10	153550488	153780003	153755529	153855529	153805529	Maya	36	0,611111111
WBSCR17	70235725	70816520	70376969	70476969	70426969	Maya	1	1
WBSCR17	70235725	70816520	70406969	70506969	70456969	Maya	1	1
WBSCR17	70235725	70816520	70436969	70536969	70486969	Maya	1	1
WBSCR17	70235725	70816520	70526969	70626969	70576969	Maya	1	1
WBSCR17	70235725	70816520	70556969	70656969	70606969	Maya	1	1
WBSCR17	70235725	70816520	70676969	70776969	70726969	Maya	3	1
OGT	70682292	70712465	70706969	70806969	70756969	Maya	4	0,75
WBSCR17	70235725	70816520	70706969	70806969	70756969	Maya	4	0,75
WBSCR17	70235725	70816520	70736969	70836969	70786969	Maya	5	0,6
SIAT10	99933842	99995926	99935776	100035776	99985776	Maya	17	0,647058824
SIAT10	99933842	99995926	99965776	100065776	100015776	Maya	10	0,7
SIAT10	99933842	99995926	99995776	100095776	100045776	Maya	8	0,625
GALNTL1	68796668	68890936	68831490	68931490	68881490	Maya	3	0,666666667
SIAT6	43974491	44169418	44115707	44215707	44165707	Maya	10	0,6
SIAT7C_E	76312992	77302325	76407338	76507338	76457338	Maya	24	0,625
SIAT7C_E	76312992	77302325	76617338	76717338	76667338	Maya	18	0,611111111
SIAT7D_F	129687422	129719126	129711436	129811436	129761436	Maya	13	0,692307692
SIAT7C_E	76312992	77302325	76474680	76574680	76524680	Mbuti.Pygmies	22	0,636363636
SIAT7C_E	76312992	77302325	76624680	76724680	76674680	Mbuti.Pygmies	11	0,636363636
B4GALT4	120413277	120442442	120433382	120533382	120483382	Mbuti.Pygmies	19	0,631578947
B4GALT1	33100642	33157231	33069383	33169383	33119383	Mbuti.Pygmies	8	0,625
FUT10	33365956	33450206	33429383	33529383	33479383	Mbuti.Pygmies	7	0,714285714
FUT12	30259357	30290128	30222171	30322171	30272171	Mbuti.Pygmies	8	0,75
FUT13	45508271	45532239	45469454	45569454	45519454	Mbuti.Pygmies	20	0,6
FUT8	64947593	65279715	64998701	65098701	65048701	Mbuti.Pygmies	8	0,75
FUT8	64947593	65279715	65028701	65128701	65078701	Mbuti.Pygmies	7	0,857142857
FUT8	64947593	65279715	65058701	65158701	65108701	Mbuti.Pygmies	9	0,777777778
FUT8	64947593	65279715	65088701	65188701	65138701	Mbuti.Pygmies	9	0,666666667
FUT8	64947593	65279715	65118701	65218701	65168701	Mbuti.Pygmies	7	0,714285714
FUT8	64947593	65279715	65178701	65278701	65228701	Mbuti.Pygmies	7	0,714285714
FUT8	64947593	65279715	65208701	65308701	65258701	Mbuti.Pygmies	10	0,6
FUT9	96570590	96760477	96713842	96813842	96763842	Mbuti.Pygmies	18	0,777777778
FUT9	96570590	96760477	96743842	96843842	96793842	Mbuti.Pygmies	17	0,647058824
GALNT14	30986837	31205994	31090883	31190883	31140883	Mbuti.Pygmies	15	0,666666667
GALNT14	30986837	31205994	31120883	31220883	31170883	Mbuti.Pygmies	14	0,642857143
GALNT10	153550488	153780003	153695529	153795529	153745529	Mbuti.Pygmies	44	0,636363636
GALNT10	153550488	153780003	153725529	153825529	153775529	Mbuti.Pygmies	38	0,684210526
GALNT11_15	151284444	151347945	151334698	151434698	151384698	Mbuti.Pygmies	10	0,6
SIAT8D	100170803	100266869	100242055	100342055	100292055	Mbuti.Pygmies	24	0,666666667
GALNT7_17	172971232	174481692	173003751	173103751	173053751	Mbuti.Pygmies	15	0,666666667
GALNT7_17	172971232	174481692	173903751	174003751	173953751	Mbuti.Pygmies	12	0,666666667
GALNT7_17	172971232	174481692	174203751	174303751	174253751	Mbuti.Pygmies	16	0,75
GALNT7_17	172971232	174481692	174233751	174333751	174283751	Mbuti.Pygmies	18	0,611111111
GALNT7_17	172971232	174481692	174473751	174573751	174523751	Mbuti.Pygmies	9	0,666666667
SIAT10	99933842	99995926	99965776	100065776	100015776	Mbuti.Pygmies	7	0,714285714
SIAT10	99933842	99995926	99995776	100095776	100045776	Mbuti.Pygmies	3	1
GALNTL1	68796668	68890936	68861490	68961490	68911490	Mbuti.Pygmies	2	1
SIAT7C_E	76312992	77302325	76527338	76627338	76577338	Mbuti.Pygmies	20	0,65
SIAT7C_E	76312992	77302325	76557338	76657338	76607338	Mbuti.Pygmies	20	0,6
SIAT7C_E	76312992	77302325	76587338	76687338	76637338	Mbuti.Pygmies	19	0,631578947
SIAT7C_E	76312992	77302325	76647338	76747338	76697338	Mbuti.Pygmies	11	0,636363636
SIAT7C_E	76312992	77302325	77007338	77107338	77057338	Mbuti.Pygmies	15	0,6
SIAT7C_E	76312992	77302325	77037338	77137338	77087338	Mbuti.Pygmies	15	0,6
SIAT10	99933842	99995926	99890916	99990916	99940916	Mbuti.Pygmies	15	0,6
SIAT10	99933842	99995926	99920916	100020916	99970916	Mbuti.Pygmies	17	0,647058824
SIAT10	99933842	99995926	99950916	100050916	100000916	Mbuti.Pygmies	16	0,6875
SIAT10	99933842	99995926	99980916	100080916	100030916	Mbuti.Pygmies	13	0,615384615
WBSCR17	70235725	70816520	70467650	70567650	70517650	Mbuti.Pygmies	21	0,666666667
WBSCR17	70235725	70816520	70497650	70597650	70547650	Mbuti.Pygmies	22	0,681818182
WBSCR17	70235725	70816520	70677650	70777650	70727650	Mbuti.Pygmies	28	0,642857143
FUT7	139044447	139047283	139044524	139144524	139094524	Mozabite	9	0,666666667
FUT9	96570590	96760477	96713842	96813842	96763842	Mozabite	18	0,666666667
FUT9	96570590	96760477	96743842	96843842	96793842	Mozabite	18	0,722222222
GALNT14	30986837	31205994	31090883	31190883	31140883	Mozabite	15	0,666666667
GALNT14	30986837	31205994	31120883	31220883	31170883	Mozabite	15	0,666666667
GALNT11_15	151284444	151347945	151334698	151434698	151384698	Mozabite	10	0,6
GALNT13	154436712	155018734	154699031	154799031	154749031	Mozabite	15	0,6
GALNT13	154436712	155018734	154759031	154859031	154809031	Mozabite	14	0,642857143
GALNT7_17	172971232	174481692	173783751	173883751	173833751	Mozabite	18	0,666666667
GALNT7_17	172971232	174481692	173813751	173913751	173863751	Mozabite	20	0,6
GALNT7_17	172971232	174481692	174203751	174303751	174253751	Mozabite	16	0,6875
WBSCR17	70235725	70816520	70376969	70476969	70426969	Mozabite	2	1
WBSCR17	70235725	70816520	70406969	70506969	70456969	Mozabite	3	1
WBSCR17	70235725	70816520	70436969	70536969	70486969	Mozabite	4	1
WBSCR17	70235725	70816520	70466969	70566969	70516969	Mozabite	2	1
WBSCR17	70235725	70816520	70496969	70596969	70546969	Mozabite	1	1
WBSCR17	70235725	70816520	70526969	70626969	70576969	Mozabite	1	1
WBSCR17	70235725	70816520	70556969	70656969	70606969	Mozabite	1	1
WBSCR17	70235725	70816520	70586969	70686969	70636969	Mozabite	3	0,666666667
WBSCR17	70235725	70816520	70766969	70866969	70816969	Mozabite	3	0,666666667
SIAT10	99933842	99995926	99995776	100095776	100045776	Mozabite	8	0,625
GALNTL1	68796668	68890936	68771490	68871490	68821490	Mozabite	3	0,666666667
GALNTL1	68796668	68890936	68801490	68901490	68851490	Mozabite	3	0,666666667
GALNTL1	68796668	68890936	68831490	68931490	68881490	Mozabite	5	0,8
GALNTL1	68796668	68890936	68861490	68961490	68911490	Mozabite	5	0,6
SIAT7C_E	76312992	77302325	76977338	77077338	77027338	Mozabite	17	0,647058824
SIAT7C_E	76312992	77302325	77007338	77107338	77057338	Mozabite	19	0,631578947
SIAT7C_E	76312992	77302325	77037338	77137338	77087338	Mozabite	16	0,625
FUT7	139044447	139047283	139044524	139144524	139094524	NAN.Melanesian	7	0,714285714
FUT8	64947593	65279715	64968701	65068701	65018701	NAN.Melanesian	4	0,75
FUT8	64947593	65279715	64998701	65098701	65048701	NAN.Melanesian	2	1
FUT8	64947593	65279715	65028701	65128701	65078701	NAN.Melanesian	3	0,666666667
FUT8	64947593	65279715	65058701	65158701	65108701	NAN.Melanesian	5	0,8
FUT8	64947593	65279715	65088701	65188701	65138701	NAN.Melanesian	6	0,666666667
FUT8	64947593	65279715	65118701	65218701	65168701	NAN.Melanesian	6	0,666666667
GCNT1	78263966	78312152	78233569	78333569	78283569	NAN.Melanesian	21	0,619047619
GCNT1	78263966	78312152	78293569	78393569	78343569	NAN.Melanesian	26	0,615384615
WBSCR17	70235725	70816520	70317650	70417650	70367650	NAN.Melanesian	34	0,647058824
WBSCR17	70235725	70816520	70347650	70447650	70397650	NAN.Melanesian	27	0,62962963
FUT8	64947593	65279715	64998701	65098701	65048701	North.East.China	8	0,75
FUT8	64947593	65279715	65058701	65158701	65108701	North.East.China	13	0,615384615
FUT8	64947593	65279715	65178701	65278701	65228701	North.East.China	8	0,625
GALNT13	154436712	155018734	154429031	154529031	154479031	North.East.China	21	0,619047619
GALNT13	154436712	155018734	154489031	154589031	154539031	North.East.China	16	0,625
GALNT13	154436712	155018734	154699031	154799031	154749031	North.East.China	13	0,615384615
GALNT13	154436712	155018734	154759031	154859031	154809031	North.East.China	14	0,642857143
GALNT13	154436712	155018734	154819031	154919031	154869031	North.East.China	17	0,705882353
SIAT4B	68972810	68992042	68937775	69037775	68987775	North.East.China	16	0,625
GCNT1	78263966	78312152	78233569	78333569	78283569	North.East.China	23	0,608695652
GALNTL1	68796668	68890936	68831490	68931490	68881490	North.East.China	4	0,75
GALNTL1	68796668	68890936	68861490	68961490	68911490	North.East.China	5	0,8
SIAT7C_E	76312992	77302325	76407338	76507338	76457338	North.East.China	21	0,619047619
WBSCR17	70235725	70816520	70767650	70867650	70817650	North.East.China	19	0,631578947
B4GALT4	120413277	120442442	120433382	120533382	120483382	North.Italy	21	0,619047619
FUT8	64947593	65279715	64998701	65098701	65048701	North.Italy	9	0,666666667
FUT8	64947593	65279715	65178701	65278701	65228701	North.Italy	8	0,625
GALNT7_17	172971232	174481692	173423751	173523751	173473751	North.Italy	13	0,615384615
GALNT7_17	172971232	174481692	173783751	173883751	173833751	North.Italy	16	0,625
WBSCR17	70235725	70816520	70526969	70626969	70576969	North.Italy	1	1
WBSCR17	70235725	70816520	70556969	70656969	70606969	North.Italy	1	1
WBSCR17	70235725	70816520	70676969	70776969	70726969	North.Italy	3	0,666666667
OGT	70682292	70712465	70706969	70806969	70756969	North.Italy	4	0,75
WBSCR17	70235725	70816520	70706969	70806969	70756969	North.Italy	4	0,75
WBSCR17	70235725	70816520	70736969	70836969	70786969	North.Italy	5	0,6
WBSCR17	70235725	70816520	70766969	70866969	70816969	North.Italy	3	0,666666667
SIAT10	99933842	99995926	99965776	100065776	100015776	North.Italy	12	0,666666667
SIAT10	99933842	99995926	99995776	100095776	100045776	North.Italy	9	0,666666667
GALNTL1	68796668	68890936	68831490	68931490	68881490	North.Italy	3	0,666666667
GALNTL1	68796668	68890936	68861490	68961490	68911490	North.Italy	4	0,75
SIAT6	43974491	44169418	44115707	44215707	44165707	North.Italy	11	0,727272727
SIAT6	43974491	44169418	44145707	44245707	44195707	North.Italy	13	0,692307692
SIAT7C_E	76312992	77302325	77037338	77137338	77087338	North.Italy	16	0,625
SIAT7D_F	129687422	129719126	129711436	129811436	129761436	North.Italy	13	0,615384615
FUT8	64947593	65279715	64998701	65098701	65048701	North.West.China	7	0,714285714
FUT8	64947593	65279715	65028701	65128701	65078701	North.West.China	8	0,625
FUT8	64947593	65279715	65058701	65158701	65108701	North.West.China	12	0,75
FUT8	64947593	65279715	65088701	65188701	65138701	North.West.China	14	0,714285714
FUT8	64947593	65279715	65118701	65218701	65168701	North.West.China	12	0,75
FUT8	64947593	65279715	65178701	65278701	65228701	North.West.China	8	0,625
FUT9	96570590	96760477	96713842	96813842	96763842	North.West.China	16	0,6875
FUT9	96570590	96760477	96743842	96843842	96793842	North.West.China	16	0,6875
SIAT4B	68972810	68992042	68937775	69037775	68987775	North.West.China	16	0,625
GALNTL1	68796668	68890936	68831490	68931490	68881490	North.West.China	4	0,75
GALNTL1	68796668	68890936	68861490	68961490	68911490	North.West.China	5	0,8
SIAT7C_E	76312992	77302325	76317338	76417338	76367338	North.West.China	37	0,594594595
B3GNT6	76423083	76430653	76377338	76477338	76427338	North.West.China	36	0,611111111
SIAT7C_E	76312992	77302325	76377338	76477338	76427338	North.West.China	36	0,611111111
FUT8	64947593	65279715	65178701	65278701	65228701	Orcadian	8	0,625
WBSCR17	70235725	70816520	70526969	70626969	70576969	Orcadian	1	1
WBSCR17	70235725	70816520	70556969	70656969	70606969	Orcadian	1	1
SIAT10	99933842	99995926	99995776	100095776	100045776	Orcadian	9	0,666666667
SIAT6	43974491	44169418	44115707	44215707	44165707	Orcadian	10	0,7
SIAT6	43974491	44169418	44145707	44245707	44195707	Orcadian	13	0,692307692
SIAT7C_E	76312992	77302325	76977338	77077338	77027338	Orcadian	15	0,6
SIAT7C_E	76312992	77302325	77007338	77107338	77057338	Orcadian	17	0,647058824
FUT12	30259357	30290128	30222171	30322171	30272171	Palestinian	8	0,625
FUT8	64947593	65279715	64998701	65098701	65048701	Palestinian	8	0,625
FUT8	64947593	65279715	65178701	65278701	65228701	Palestinian	8	0,625
GALNT13	154436712	155018734	154699031	154799031	154749031	Palestinian	15	0,666666667
GALNT13	154436712	155018734	154759031	154859031	154809031	Palestinian	14	0,642857143
GALNT7_17	172971232	174481692	173783751	173883751	173833751	Palestinian	16	0,625
WBSCR17	70235725	70816520	70376969	70476969	70426969	Palestinian	1	1
WBSCR17	70235725	70816520	70406969	70506969	70456969	Palestinian	2	1
WBSCR17	70235725	70816520	70436969	70536969	70486969	Palestinian	3	1
WBSCR17	70235725	70816520	70466969	70566969	70516969	Palestinian	2	1
WBSCR17	70235725	70816520	70496969	70596969	70546969	Palestinian	1	1
WBSCR17	70235725	70816520	70526969	70626969	70576969	Palestinian	1	1
WBSCR17	70235725	70816520	70556969	70656969	70606969	Palestinian	1	1
WBSCR17	70235725	70816520	70586969	70686969	70636969	Palestinian	3	0,666666667
WBSCR17	70235725	70816520	70766969	70866969	70816969	Palestinian	3	0,666666667
SIAT10	99933842	99995926	99995776	100095776	100045776	Palestinian	10	0,7
GALNTL1	68796668	68890936	68801490	68901490	68851490	Palestinian	3	0,666666667
GALNTL1	68796668	68890936	68831490	68931490	68881490	Palestinian	5	0,8
GALNTL1	68796668	68890936	68861490	68961490	68911490	Palestinian	6	0,666666667
SIAT6	43974491	44169418	44115707	44215707	44165707	Palestinian	12	0,666666667
SIAT6	43974491	44169418	44145707	44245707	44195707	Palestinian	15	0,666666667
SIAT8D	100170803	100266869	100130916	100230916	100180916	Palestinian	15	0,666666667
SIAT8D	100170803	100266869	100160916	100260916	100210916	Palestinian	16	0,6875
SIAT7C_E	76312992	77302325	76264680	76364680	76314680	Papuan	5	0,8
SIAT7C_E	76312992	77302325	76294680	76394680	76344680	Papuan	7	0,714285714
FUT12	30259357	30290128	30222171	30322171	30272171	Papuan	5	0,6
FUT8	64947593	65279715	64968701	65068701	65018701	Papuan	6	0,833333333
FUT8	64947593	65279715	64998701	65098701	65048701	Papuan	5	1
FUT8	64947593	65279715	65028701	65128701	65078701	Papuan	5	0,8
FUT8	64947593	65279715	65058701	65158701	65108701	Papuan	7	0,857142857
FUT8	64947593	65279715	65088701	65188701	65138701	Papuan	8	0,75
FUT8	64947593	65279715	65118701	65218701	65168701	Papuan	7	0,714285714
FUT8	64947593	65279715	65148701	65248701	65198701	Papuan	5	0,6
FUT8	64947593	65279715	65208701	65308701	65258701	Papuan	9	0,666666667
OGT	70682292	70712465	70706969	70806969	70756969	Papuan	3	0,666666667
WBSCR17	70235725	70816520	70706969	70806969	70756969	Papuan	3	0,666666667
GALNTL1	68796668	68890936	68771490	68871490	68821490	Papuan	2	1
GALNTL1	68796668	68890936	68801490	68901490	68851490	Papuan	2	1
GALNTL1	68796668	68890936	68831490	68931490	68881490	Papuan	3	1
SIAT4B	68972810	68992042	68981490	69081490	69031490	Papuan	3	0,666666667
SIAT7C_E	76312992	77302325	76527338	76627338	76577338	Papuan	18	0,611111111
SIAT7C_E	76312992	77302325	76557338	76657338	76607338	Papuan	20	0,65
SIAT7C_E	76312992	77302325	76587338	76687338	76637338	Papuan	20	0,7
FUT8	64947593	65279715	64908701	65008701	64958701	Pathan	20	0,6
FUT8	64947593	65279715	64968701	65068701	65018701	Pathan	8	0,875
FUT8	64947593	65279715	64998701	65098701	65048701	Pathan	9	1
FUT8	64947593	65279715	65028701	65128701	65078701	Pathan	10	0,7
FUT8	64947593	65279715	65058701	65158701	65108701	Pathan	14	0,642857143
FUT8	64947593	65279715	65088701	65188701	65138701	Pathan	15	0,6
FUT8	64947593	65279715	65178701	65278701	65228701	Pathan	8	0,625
GALNT13	154436712	155018734	154699031	154799031	154749031	Pathan	15	0,666666667
WBSCR17	70235725	70816520	70376969	70476969	70426969	Pathan	1	1
WBSCR17	70235725	70816520	70406969	70506969	70456969	Pathan	2	1
WBSCR17	70235725	70816520	70436969	70536969	70486969	Pathan	3	1
WBSCR17	70235725	70816520	70466969	70566969	70516969	Pathan	2	1
WBSCR17	70235725	70816520	70496969	70596969	70546969	Pathan	1	1
WBSCR17	70235725	70816520	70766969	70866969	70816969	Pathan	3	0,666666667
GALNTL1	68796668	68890936	68831490	68931490	68881490	Pathan	3	0,666666667
SIAT6	43974491	44169418	44115707	44215707	44165707	Pathan	11	0,636363636
B3GALT5	39850239	39956685	39818604	39918604	39868604	Pima	26	0,615384615
FUT8	64947593	65279715	64968701	65068701	65018701	Pima	5	0,8
FUT8	64947593	65279715	64998701	65098701	65048701	Pima	5	1
FUT8	64947593	65279715	65028701	65128701	65078701	Pima	7	0,714285714
FUT8	64947593	65279715	65058701	65158701	65108701	Pima	9	0,666666667
FUT8	64947593	65279715	65088701	65188701	65138701	Pima	10	0,6
WBSCR17	70235725	70816520	70676969	70776969	70726969	Pima	2	1
OGT	70682292	70712465	70706969	70806969	70756969	Pima	3	0,666666667
WBSCR17	70235725	70816520	70706969	70806969	70756969	Pima	3	0,666666667
SIAT10	99933842	99995926	99995776	100095776	100045776	Pima	5	0,6
GALNTL1	68796668	68890936	68831490	68931490	68881490	Pima	3	0,666666667
GALNTL1	68796668	68890936	68861490	68961490	68911490	Pima	4	0,75
SIAT8D	100170803	100266869	100130916	100230916	100180916	Pima	12	0,75
SIAT8D	100170803	100266869	100160916	100260916	100210916	Pima	12	0,666666667
B3GNT3	17766658	17785385	17784449	17884449	17834449	Pima	10	0,6
FUT8	64947593	65279715	64968701	65068701	65018701	Russian	8	0,625
FUT8	64947593	65279715	64998701	65098701	65048701	Russian	9	0,666666667
FUT8	64947593	65279715	65028701	65128701	65078701	Russian	10	0,6
FUT8	64947593	65279715	65058701	65158701	65108701	Russian	15	0,6
FUT8	64947593	65279715	65118701	65218701	65168701	Russian	13	0,615384615
FUT8	64947593	65279715	65178701	65278701	65228701	Russian	8	0,625
WBSCR17	70235725	70816520	70376969	70476969	70426969	Russian	1	1
WBSCR17	70235725	70816520	70406969	70506969	70456969	Russian	1	1
WBSCR17	70235725	70816520	70436969	70536969	70486969	Russian	1	1
WBSCR17	70235725	70816520	70526969	70626969	70576969	Russian	1	1
WBSCR17	70235725	70816520	70556969	70656969	70606969	Russian	1	1
WBSCR17	70235725	70816520	70586969	70686969	70636969	Russian	4	0,75
WBSCR17	70235725	70816520	70616969	70716969	70666969	Russian	3	0,666666667
OGT	70682292	70712465	70646969	70746969	70696969	Russian	3	0,666666667
WBSCR17	70235725	70816520	70646969	70746969	70696969	Russian	3	0,666666667
GALNTL1	68796668	68890936	68831490	68931490	68881490	Russian	4	0,75
GALNTL1	68796668	68890936	68861490	68961490	68911490	Russian	5	0,6
SIAT7C_E	76312992	77302325	76977338	77077338	77027338	Russian	16	0,625
SIAT7C_E	76312992	77302325	77007338	77107338	77057338	Russian	18	0,666666667
SIAT7C_E	76312992	77302325	77037338	77137338	77087338	Russian	16	0,625
SIAT7D_F	129687422	129719126	129711436	129811436	129761436	Russian	13	0,692307692
SIAT8E	42513079	42591037	42474475	42574475	42524475	Russian	44	0,613636364
B3GNT3	17766658	17785385	17724449	17824449	17774449	Russian	22	0,681818182
B3GNT3	17766658	17785385	17784449	17884449	17834449	Russian	12	0,75
SIAT7C_E	76312992	77302325	76324680	76424680	76374680	San	6	0,666666667
SIAT7C_E	76312992	77302325	76354680	76454680	76404680	San	7	0,714285714
SIAT7C_E	76312992	77302325	76654680	76754680	76704680	San	9	0,666666667
SIAT7C_E	76312992	77302325	76684680	76784680	76734680	San	9	0,666666667
B4GALT1	33100642	33157231	33157013	33257013	33207013	San	18	0,666666667
FUT10	33365956	33450206	33339383	33439383	33389383	San	14	0,857142857
FUT10	33365956	33450206	33369383	33469383	33419383	San	10	0,6
FUT12	30259357	30290128	30222171	30322171	30272171	San	5	0,6
FUT13	45508271	45532239	45469454	45569454	45519454	San	19	0,631578947
FUT8	64947593	65279715	64908701	65008701	64958701	San	14	0,642857143
FUT8	64947593	65279715	64938701	65038701	64988701	San	10	0,6
FUT8	64947593	65279715	64968701	65068701	65018701	San	5	0,8
FUT8	64947593	65279715	64998701	65098701	65048701	San	4	1
FUT8	64947593	65279715	65028701	65128701	65078701	San	3	0,666666667
FUT8	64947593	65279715	65058701	65158701	65108701	San	5	0,8
FUT8	64947593	65279715	65088701	65188701	65138701	San	6	0,833333333
FUT8	64947593	65279715	65118701	65218701	65168701	San	5	1
FUT8	64947593	65279715	65148701	65248701	65198701	San	5	0,8
FUT8	64947593	65279715	65178701	65278701	65228701	San	6	0,833333333
FUT9	96570590	96760477	96713842	96813842	96763842	San	11	0,636363636
SIAT8D	100170803	100266869	100242055	100342055	100292055	San	20	0,6
GALNT13	154436712	155018734	154699031	154799031	154749031	San	8	0,625
GALNT7_17	172971232	174481692	172943751	173043751	172993751	San	10	0,6
GALNT7_17	172971232	174481692	172973751	173073751	173023751	San	10	0,6
GALNT7_17	172971232	174481692	173003751	173103751	173053751	San	10	0,7
GALNT7_17	172971232	174481692	173903751	174003751	173953751	San	15	0,6
GALNT7_17	172971232	174481692	173933751	174033751	173983751	San	13	0,615384615
GALNT7_17	172971232	174481692	174203751	174303751	174253751	San	8	0,625
GALNT7_17	172971232	174481692	174353751	174453751	174403751	San	11	0,636363636
GALNT7_17	172971232	174481692	174383751	174483751	174433751	San	9	0,777777778
GALNT7_17	172971232	174481692	174413751	174513751	174463751	San	11	0,636363636
GALNT7_17	172971232	174481692	174443751	174543751	174493751	San	9	0,666666667
GALNT9	131246870	131415862	131245942	131345942	131295942	San	11	0,636363636
WBSCR17	70235725	70816520	70376969	70476969	70426969	San	1	1
WBSCR17	70235725	70816520	70406969	70506969	70456969	San	1	1
WBSCR17	70235725	70816520	70586969	70686969	70636969	San	1	1
WBSCR17	70235725	70816520	70616969	70716969	70666969	San	1	1
OGT	70682292	70712465	70646969	70746969	70696969	San	1	1
WBSCR17	70235725	70816520	70646969	70746969	70696969	San	1	1
SIAT1	188131210	188279035	188275465	188375465	188325465	San	13	0,615384615
GALNTL1	68796668	68890936	68861490	68961490	68911490	San	1	1
SIAT6	43974491	44169418	43935707	44035707	43985707	San	9	0,666666667
SIAT6	43974491	44169418	44115707	44215707	44165707	San	4	0,75
SIAT6	43974491	44169418	44145707	44245707	44195707	San	7	0,714285714
SIAT7C_E	76312992	77302325	76947338	77047338	76997338	San	13	0,615384615
SIAT7C_E	76312992	77302325	77157338	77257338	77207338	San	8	0,625
SIAT7C_E	76312992	77302325	77277338	77377338	77327338	San	9	0,666666667
SIAT8A	22245200	22378915	22247968	22347968	22297968	San	21	0,619047619
SIAT8A	22245200	22378915	22277968	22377968	22327968	San	18	0,611111111
SIAT10	99933842	99995926	99950916	100050916	100000916	San	8	0,625
SIAT8D	100170803	100266869	100130916	100230916	100180916	San	5	1
SIAT8D	100170803	100266869	100160916	100260916	100210916	San	8	0,625
WBSCR17	70235725	70816520	70467650	70567650	70517650	San	15	0,6
WBSCR17	70235725	70816520	70497650	70597650	70547650	San	16	0,625
SIAT7C_E	76312992	77302325	76264680	76364680	76314680	Sardinian	6	0,833333333
SIAT7C_E	76312992	77302325	76294680	76394680	76344680	Sardinian	8	0,75
GALNT13	154436712	155018734	154699031	154799031	154749031	Sardinian	14	0,642857143
GALNT13	154436712	155018734	154759031	154859031	154809031	Sardinian	14	0,642857143
GALNT13	154436712	155018734	154819031	154919031	154869031	Sardinian	20	0,65
WBSCR17	70235725	70816520	70376969	70476969	70426969	Sardinian	1	1
WBSCR17	70235725	70816520	70406969	70506969	70456969	Sardinian	1	1
WBSCR17	70235725	70816520	70436969	70536969	70486969	Sardinian	1	1
WBSCR17	70235725	70816520	70616969	70716969	70666969	Sardinian	3	0,666666667
OGT	70682292	70712465	70646969	70746969	70696969	Sardinian	3	0,666666667
WBSCR17	70235725	70816520	70646969	70746969	70696969	Sardinian	3	0,666666667
WBSCR17	70235725	70816520	70766969	70866969	70816969	Sardinian	3	0,666666667
GALNTL1	68796668	68890936	68831490	68931490	68881490	Sardinian	3	0,666666667
GALNTL1	68796668	68890936	68861490	68961490	68911490	Sardinian	4	0,75
SIAT6	43974491	44169418	44115707	44215707	44165707	Sardinian	11	0,727272727
SIAT6	43974491	44169418	44145707	44245707	44195707	Sardinian	14	0,642857143
SIAT7C_E	76312992	77302325	77037338	77137338	77087338	Sardinian	15	0,6
SIAT7D_F	129687422	129719126	129711436	129811436	129761436	Sardinian	13	0,615384615
SIAT7C_E	76312992	77302325	76324680	76424680	76374680	Sindhi	8	0,625
FUT12	30259357	30290128	30222171	30322171	30272171	Sindhi	9	0,666666667
FUT8	64947593	65279715	64968701	65068701	65018701	Sindhi	9	0,666666667
GALNT13	154436712	155018734	154699031	154799031	154749031	Sindhi	15	0,6
GALNT7_17	172971232	174481692	173783751	173883751	173833751	Sindhi	18	0,611111111
WBSCR17	70235725	70816520	70406969	70506969	70456969	Sindhi	3	0,666666667
WBSCR17	70235725	70816520	70436969	70536969	70486969	Sindhi	4	0,75
WBSCR17	70235725	70816520	70466969	70566969	70516969	Sindhi	2	1
WBSCR17	70235725	70816520	70496969	70596969	70546969	Sindhi	1	1
WBSCR17	70235725	70816520	70526969	70626969	70576969	Sindhi	1	1
WBSCR17	70235725	70816520	70556969	70656969	70606969	Sindhi	1	1
WBSCR17	70235725	70816520	70766969	70866969	70816969	Sindhi	3	0,666666667
SIAT10	99933842	99995926	99965776	100065776	100015776	Sindhi	11	0,636363636
SIAT10	99933842	99995926	99995776	100095776	100045776	Sindhi	9	0,777777778
GALNTL1	68796668	68890936	68771490	68871490	68821490	Sindhi	3	0,666666667
GALNTL1	68796668	68890936	68801490	68901490	68851490	Sindhi	3	0,666666667
GALNTL1	68796668	68890936	68831490	68931490	68881490	Sindhi	5	0,8
GALNTL1	68796668	68890936	68861490	68961490	68911490	Sindhi	5	0,6
SIAT4B	68972810	68992042	68981490	69081490	69031490	Sindhi	5	0,6
SIAT6	43974491	44169418	44115707	44215707	44165707	Sindhi	12	0,666666667
SIAT7C_E	76312992	77302325	77037338	77137338	77087338	Sindhi	15	0,6
SIAT8D	100170803	100266869	100160916	100260916	100210916	Sindhi	13	0,615384615
B3GNT3	17766658	17785385	17724449	17824449	17774449	Sindhi	20	0,65
B3GNT3	17766658	17785385	17784449	17884449	17834449	Sindhi	10	0,7
FUT8	64947593	65279715	64998701	65098701	65048701	South.China	5	0,6
FUT9	96570590	96760477	96713842	96813842	96763842	South.China	15	0,733333333
FUT9	96570590	96760477	96743842	96843842	96793842	South.China	14	0,714285714
GALNT14	30986837	31205994	31120883	31220883	31170883	South.China	13	0,615384615
GALNT10	153550488	153780003	153545529	153645529	153595529	South.China	34	0,617647059
GALNT13	154436712	155018734	154429031	154529031	154479031	South.China	24	0,625
GALNT13	154436712	155018734	154489031	154589031	154539031	South.China	17	0,647058824
GALNT13	154436712	155018734	154819031	154919031	154869031	South.China	18	0,666666667
GALNT7_17	172971232	174481692	174443751	174543751	174493751	South.China	10	0,6
WBSCR17	70235725	70816520	70376969	70476969	70426969	South.China	1	1
WBSCR17	70235725	70816520	70406969	70506969	70456969	South.China	1	1
WBSCR17	70235725	70816520	70436969	70536969	70486969	South.China	1	1
GALNTL1	68796668	68890936	68831490	68931490	68881490	South.China	4	0,75
GALNTL1	68796668	68890936	68861490	68961490	68911490	South.China	5	0,8
SIAT6	43974491	44169418	44115707	44215707	44165707	South.China	11	0,727272727
SIAT7C_E	76312992	77302325	76317338	76417338	76367338	South.China	36	0,611111111
SIAT8E	42513079	42591037	42474475	42574475	42524475	South.China	42	0,595238095
SIAT7C_E	76312992	77302325	76744680	76844680	76794680	Surui	6	0,666666667
SIAT10	99933842	99995926	99905776	100005776	99955776	Surui	11	0,636363636
FUT8	64947593	65279715	64968701	65068701	65018701	Yakut	8	0,875
FUT8	64947593	65279715	64998701	65098701	65048701	Yakut	7	1
FUT8	64947593	65279715	65028701	65128701	65078701	Yakut	8	0,75
FUT8	64947593	65279715	65058701	65158701	65108701	Yakut	11	0,727272727
FUT8	64947593	65279715	65088701	65188701	65138701	Yakut	12	0,666666667
FUT8	64947593	65279715	65118701	65218701	65168701	Yakut	10	0,6
GALNT13	154436712	155018734	154489031	154589031	154539031	Yakut	16	0,625
GALNT6	50032100	50071467	50061968	50161968	50111968	Yakut	19	0,631578947
WBSCR17	70235725	70816520	70376969	70476969	70426969	Yakut	1	1
WBSCR17	70235725	70816520	70406969	70506969	70456969	Yakut	1	1
WBSCR17	70235725	70816520	70436969	70536969	70486969	Yakut	1	1
WBSCR17	70235725	70816520	70766969	70866969	70816969	Yakut	3	0,666666667
GALNTL1	68796668	68890936	68831490	68931490	68881490	Yakut	4	0,75
GALNTL1	68796668	68890936	68861490	68961490	68911490	Yakut	5	0,6
SIAT7C_E	76312992	77302325	76407338	76507338	76457338	Yakut	20	0,6
WBSCR17	70235725	70816520	70767650	70867650	70817650	Yakut	19	0,684210526
SIAT8F	17402682	17536260	17517176	17617176	17567176	Yoruba	15	0,666666667
SIAT7C_E	76312992	77302325	76324680	76424680	76374680	Yoruba	10	0,7
SIAT7C_E	76312992	77302325	76354680	76454680	76404680	Yoruba	11	0,727272727
SIAT7C_E	76312992	77302325	76744680	76844680	76794680	Yoruba	8	0,625
FUT10	33365956	33450206	33429383	33529383	33479383	Yoruba	10	0,6
FUT12	30259357	30290128	30222171	30322171	30272171	Yoruba	8	0,75
FUT12	30259357	30290128	30282171	30382171	30332171	Yoruba	8	0,875
FUT8	64947593	65279715	64968701	65068701	65018701	Yoruba	8	0,625
FUT8	64947593	65279715	64998701	65098701	65048701	Yoruba	10	0,6
FUT8	64947593	65279715	65028701	65128701	65078701	Yoruba	10	0,6
FUT8	64947593	65279715	65208701	65308701	65258701	Yoruba	10	0,6
FUT8	64947593	65279715	65268701	65368701	65318701	Yoruba	23	0,608695652
FUT9	96570590	96760477	96713842	96813842	96763842	Yoruba	18	0,722222222
FUT9	96570590	96760477	96743842	96843842	96793842	Yoruba	18	0,777777778
GALNT14	30986837	31205994	31090883	31190883	31140883	Yoruba	14	0,642857143
GALNT14	30986837	31205994	31120883	31220883	31170883	Yoruba	14	0,642857143
GALNT10	153550488	153780003	153695529	153795529	153745529	Yoruba	50	0,62
GALNT10	153550488	153780003	153725529	153825529	153775529	Yoruba	42	0,666666667
GALNT13	154436712	155018734	154699031	154799031	154749031	Yoruba	11	0,636363636
GALNT13	154436712	155018734	154819031	154919031	154869031	Yoruba	20	0,65
GALNT13	154436712	155018734	154849031	154949031	154899031	Yoruba	26	0,615384615
GALNT7_17	172971232	174481692	173843751	173943751	173893751	Yoruba	22	0,636363636
GALNT7_17	172971232	174481692	174203751	174303751	174253751	Yoruba	17	0,764705882
GALNT7_17	172971232	174481692	174233751	174333751	174283751	Yoruba	19	0,684210526
GALNT7_17	172971232	174481692	174263751	174363751	174313751	Yoruba	21	0,619047619
GALNT7_17	172971232	174481692	174323751	174423751	174373751	Yoruba	20	0,6
WBSCR17	70235725	70816520	70376969	70476969	70426969	Yoruba	1	1
WBSCR17	70235725	70816520	70406969	70506969	70456969	Yoruba	2	1
WBSCR17	70235725	70816520	70436969	70536969	70486969	Yoruba	3	0,666666667
WBSCR17	70235725	70816520	70766969	70866969	70816969	Yoruba	3	0,666666667
SIAT1	188131210	188279035	188275465	188375465	188325465	Yoruba	20	0,65
SIAT10	99933842	99995926	99995776	100095776	100045776	Yoruba	7	0,714285714
GALNTL1	68796668	68890936	68771490	68871490	68821490	Yoruba	3	0,666666667
GALNTL1	68796668	68890936	68801490	68901490	68851490	Yoruba	4	0,75
GALNTL1	68796668	68890936	68831490	68931490	68881490	Yoruba	6	0,666666667
GALNTL1	68796668	68890936	68861490	68961490	68911490	Yoruba	5	0,8
SIAT4B	68972810	68992042	68981490	69081490	69031490	Yoruba	3	0,666666667
SIAT6	43974491	44169418	44055707	44155707	44105707	Yoruba	11	0,636363636
SIAT6	43974491	44169418	44085707	44185707	44135707	Yoruba	11	0,727272727
SIAT7C_E	76312992	77302325	76947338	77047338	76997338	Yoruba	23	0,652173913
SIAT7C_E	76312992	77302325	76977338	77077338	77027338	Yoruba	16	0,625
SIAT7C_E	76312992	77302325	77157338	77257338	77207338	Yoruba	14	0,642857143
B3GNT3	17766658	17785385	17784449	17884449	17834449	Yoruba	10	0,6
