#window_start, window_middle, window_end, gene_name
70796969	70896969	70846969	OGT	Bedouin	1	1,00
70796969	70896969	70846969	OGT	Burusho	1	1,00
22367968	22467968	22417968	SIAT8A	Colombian	6	1,00
70796969	70896969	70846969	OGT	Druze	1	1,00
70796969	70896969	70846969	OGT	Makrani	1	1,00
70796969	70896969	70846969	OGT	Mozabite	1	1,00
70796969	70896969	70846969	OGT	Palestinian	1	1,00
70796969	70896969	70846969	OGT	Papuan	1	1,00
70796969	70896969	70846969	OGT	Pathan	1	1,00
70796969	70896969	70846969	OGT	Pima	1	1,00
173723751	173823751	173773751	GALNT7_17	Surui	3	1,00
22247968	22347968	22297968	SIAT8A	Surui	10	1,00
22277968	22377968	22327968	SIAT8A	Surui	9	1,00
22307968	22407968	22357968	SIAT8A	Surui	8	1,00
22337968	22437968	22387968	SIAT8A	Surui	8	1,00
22367968	22467968	22417968	SIAT8A	Surui	6	1,00
22337968	22437968	22387968	SIAT8A	Karitiana	8	1,00
70796969	70896969	70846969	OGT	Brahui	1	1,00
70796969	70896969	70846969	OGT	Kalash	1	1,00
22367968	22467968	22417968	SIAT8A	Karitiana	6	1,00
70796969	70896969	70846969	OGT	Mbuti.Pygmies	1	1,00
22367968	22467968	22417968	SIAT8A	Pima	6	1,00
22337968	22437968	22387968	SIAT8A	Colombian	8	1,00
70796969	70896969	70846969	OGT	Adygei	1	1,00
70796969	70896969	70846969	OGT	French	1	1,00
70796969	70896969	70846969	OGT	North.Italy	1	1,00
70796969	70896969	70846969	OGT	Orcadian	1	1,00
70796969	70896969	70846969	OGT	Russian	1	1,00
70796969	70896969	70846969	OGT	Basque	1	1,00
70586969	70686969	70636969	OGT	Karitiana	1	1,00
70616969	70716969	70666969	OGT	Karitiana	1	1,00
70646969	70746969	70696969	OGT	Karitiana	1	1,00
70646969	70746969	70696969	OGT	Karitiana	1	1,00
70616969	70716969	70666969	OGT	Orcadian	1	1,00
70646969	70746969	70696969	OGT	Orcadian	1	1,00
70646969	70746969	70696969	OGT	Orcadian	1	1,00
70676969	70776969	70726969	OGT	Orcadian	1	1,00
68981490	69081490	69031490	SIAT4B	San	1	1,00
70796969	70896969	70846969	OGT	Sardinian	1	1,00
5802265	5902265	5852265	FUT5_6	Surui	6	1,00
173693751	173793751	173743751	GALNT7_17	Surui	3	1,00
68937775	69037775	68987775	GALNTL1	Surui	5	1,00
31196900	31296900	31246900	GALNT14	Surui	23	0,91
154399031	154499031	154449031	GALNT13	Colombian	11	0,91
154399031	154499031	154449031	GALNT13	Karitiana	11	0,91
39818604	39918604	39868604	B3GALT5	Karitiana	11	0,91
22217968	22317968	22267968	SIAT8A	Surui	10	0,90
5742265	5842265	5792265	FUT5_6	Surui	9	0,89
22307968	22407968	22357968	SIAT8A	Karitiana	9	0,89
22307968	22407968	22357968	SIAT8A	Colombian	9	0,89
22337968	22437968	22387968	SIAT8A	Pima	8	0,88
11576012	11676012	11626012	GALNT18	Surui	8	0,88
85882499	85982499	85932499	SIAT9	Surui	15	0,87
157852879	157952879	157902879	GALNT5	NAN.Melanesian	7	0,86
157852879	157952879	157902879	GALNT5	Papuan	7	0,86
22367968	22467968	22417968	SIAT8A	Maya	7	0,86
76654680	76754680	76704680	B3GNT6	Karitiana	6	0,83
76654680	76754680	76704680	B3GNT6	Surui	6	0,83
154669031	154769031	154719031	GALNT13	Karitiana	6	0,83
68877775	68977775	68927775	GALNTL1	Surui	6	0,83
68847775	68947775	68897775	GALNTL1	Surui	12	0,83
153605529	153705529	153655529	GALNT10	Surui	24	0,83
33429383	33529383	33479383	FUT10	Pima	6	0,83
33067013	33167013	33117013	B4GALT1	Surui	17	0,82
68817775	68917775	68867775	GALNTL1	Surui	17	0,82
68757775	68857775	68807775	GALNTL1	Surui	16	0,81
90758449	90858449	90808449	SIAT8B	Surui	21	0,81
153635529	153735529	153685529	GALNT10	Karitiana	21	0,81
76264680	76364680	76314680	B3GNT6	Pima	5	0,80
17517176	17617176	17567176	B3GNT3	Surui	5	0,80
76264680	76364680	76314680	B3GNT6	Surui	5	0,80
157822879	157922879	157872879	GALNT5	Papuan	10	0,80
174203751	174303751	174253751	GALNT7_17	Surui	5	0,80
153605529	153705529	153655529	GALNT10	Colombian	24	0,79
153605529	153705529	153655529	GALNT10	Karitiana	23	0,78
33339383	33439383	33389383	FUT10	Surui	9	0,78
22307968	22407968	22357968	SIAT8A	Pima	9	0,78
172943751	173043751	172993751	GALNT7_17	Pima	9	0,78
173813751	173913751	173863751	GALNT7_17	Karitiana	13	0,77
45529454	45629454	45579454	FUT13	Surui	13	0,77
85912499	86012499	85962499	SIAT9	Surui	13	0,77
153605529	153705529	153655529	GALNT10	Pima	26	0,77
153515529	153615529	153565529	GALNT10	Karitiana	13	0,77
33097013	33197013	33147013	B4GALT1	Surui	13	0,77
68787775	68887775	68837775	GALNTL1	Surui	17	0,76
90788449	90888449	90838449	SIAT8B	Surui	21	0,76
151334698	151434698	151384698	GALNT11_15	Basque	4	0,75
151334698	151434698	151384698	GALNT11_15	French	4	0,75
157852879	157952879	157902879	GALNT5	Kalash	8	0,75
151334698	151434698	151384698	GALNT11_15	Russian	4	0,75
76624680	76724680	76674680	B3GNT6	Surui	8	0,75
33369383	33469383	33419383	FUT10	Surui	8	0,75
174473751	174573751	174523751	GALNT7_17	Surui	4	0,75
173153751	173253751	173203751	GALNT7_17	Karitiana	16	0,75
174413751	174513751	174463751	GALNT7_17	Karitiana	8	0,75
5802265	5902265	5852265	FUT5_6	Maya	8	0,75
22367968	22467968	22417968	SIAT8A	Cambodian	8	0,75
22367968	22467968	22417968	SIAT8A	Japanese	8	0,75
33069383	33169383	33119383	FUT10	Karitiana	4	0,75
22367968	22467968	22417968	SIAT8A	North.East.China	8	0,75
22367968	22467968	22417968	SIAT8A	South.China	8	0,75
22367968	22467968	22417968	SIAT8A	Yakut	8	0,75
33127013	33227013	33177013	B4GALT1	Surui	16	0,75
