#window_start, window_middle, window_end, gene_name
76264680	76364680	76314680	B3GNT6	Adygei	5	1,00
76264680	76364680	76314680	B3GNT6	Balochi	5	1,00
70376969	70476969	70426969	OGT	Balochi	1	1,00
70406969	70506969	70456969	OGT	Balochi	1	1,00
70436969	70536969	70486969	OGT	Balochi	1	1,00
70376969	70476969	70426969	OGT	Biaka.Pygmies	1	1,00
76264680	76364680	76314680	B3GNT6	Colombian	5	1,00
31466900	31566900	31516900	GALNT14	Colombian	7	1,00
68937775	69037775	68987775	GALNTL1	Colombian	7	1,00
70796969	70896969	70846969	OGT	Colombian	1	1,00
99995776	100095776	100045776	SIAT10	Colombian	3	1,00
100145776	100245776	100195776	SIAT10	Colombian	8	1,00
100175776	100275776	100225776	SIAT10	Colombian	9	1,00
22367968	22467968	22417968	SIAT8A	Colombian	1	1,00
30282171	30382171	30332171	FUT12	Kalash	5	1,00
70376969	70476969	70426969	OGT	Kalash	1	1,00
70406969	70506969	70456969	OGT	Kalash	1	1,00
70436969	70536969	70486969	OGT	Kalash	1	1,00
76264680	76364680	76314680	B3GNT6	Karitiana	5	1,00
174173751	174273751	174223751	GALNT7_17	Karitiana	5	1,00
31466900	31566900	31516900	GALNT14	Maya	7	1,00
31496900	31596900	31546900	GALNT14	Maya	6	1,00
31526900	31626900	31576900	GALNT14	Maya	5	1,00
70376969	70476969	70426969	OGT	NAN.Melanesian	1	1,00
70406969	70506969	70456969	OGT	NAN.Melanesian	1	1,00
70436969	70536969	70486969	OGT	NAN.Melanesian	1	1,00
70796969	70896969	70846969	OGT	Papuan	1	1,00
70586969	70686969	70636969	OGT	Pathan	2	1,00
70616969	70716969	70666969	OGT	Pathan	2	1,00
70646969	70746969	70696969	OGT	Pathan	2	1,00
70646969	70746969	70696969	OGT	Pathan	2	1,00
30222171	30322171	30272171	FUT12	Pima	4	1,00
30282171	30382171	30332171	FUT12	Pima	3	1,00
76264680	76364680	76314680	B3GNT6	South.China	5	1,00
120433382	120533382	120483382	B4GALT4	Surui	11	1,00
5742265	5842265	5792265	FUT5_6	Surui	1	1,00
31466900	31566900	31516900	GALNT14	Surui	7	1,00
31496900	31596900	31546900	GALNT14	Surui	6	1,00
31526900	31626900	31576900	GALNT14	Surui	5	1,00
173483751	173583751	173533751	GALNT7_17	Surui	6	1,00
173513751	173613751	173563751	GALNT7_17	Surui	5	1,00
173543751	173643751	173593751	GALNT7_17	Surui	3	1,00
173573751	173673751	173623751	GALNT7_17	Surui	2	1,00
173603751	173703751	173653751	GALNT7_17	Surui	3	1,00
173633751	173733751	173683751	GALNT7_17	Surui	2	1,00
173663751	173763751	173713751	GALNT7_17	Surui	1	1,00
76264680	76364680	76314680	B3GNT6	Yakut	5	1,00
70796969	70896969	70846969	OGT	Yakut	1	1,00
33399383	33499383	33449383	FUT10	Yakut	10	0,90
174113751	174213751	174163751	GALNT7_17	Karitiana	9	0,89
44145707	44245707	44195707	SIAT6	Surui	9	0,89
77127338	77227338	77177338	SIAT7C_E	Colombian	8	0,88
173303751	173403751	173353751	GALNT7_17	Karitiana	8	0,88
174143751	174243751	174193751	GALNT7_17	Karitiana	8	0,88
173303751	173403751	173353751	GALNT7_17	Maya	8	0,88
77127338	77227338	77177338	SIAT7C_E	Surui	8	0,88
33129383	33229383	33179383	FUT10	Adygei	7	0,86
173273751	173373751	173323751	GALNT7_17	Colombian	7	0,86
76294680	76394680	76344680	B3GNT6	Karitiana	7	0,86
33427013	33527013	33477013	B4GALT1	Surui	7	0,86
173603751	173703751	173653751	GALNT7_17	Karitiana	7	0,86
131245942	131345942	131295942	GALNT9	Surui	14	0,86
44115707	44215707	44165707	SIAT6	Surui	7	0,86
39818604	39918604	39868604	B3GALT5	Surui	19	0,84
31496900	31596900	31546900	GALNT14	Colombian	6	0,83
173333751	173433751	173383751	GALNT7_17	Karitiana	12	0,83
173363751	173463751	173413751	GALNT7_17	Karitiana	12	0,83
78233569	78333569	78283569	GCNT1	Karitiana	17	0,82
131215942	131315942	131265942	GALNT9	Surui	17	0,82
173393751	173493751	173443751	GALNT7_17	Karitiana	11	0,82
77157338	77257338	77207338	SIAT7C_E	Surui	11	0,82
173723751	173823751	173773751	GALNT7_17	Bedouin	11	0,82
174083751	174183751	174133751	GALNT7_17	Colombian	11	0,82
173723751	173823751	173773751	GALNT7_17	NAN.Melanesian	11	0,82
173723751	173823751	173773751	GALNT7_17	Adygei	11	0,82
100175776	100275776	100225776	SIAT10	Maya	11	0,82
173753751	173853751	173803751	GALNT7_17	NAN.Melanesian	11	0,82
33399383	33499383	33449383	FUT10	North.East.China	11	0,82
31526900	31626900	31576900	GALNT14	Colombian	5	0,80
173573751	173673751	173623751	GALNT7_17	Colombian	10	0,80
151334698	151434698	151384698	GALNT11_15	Karitiana	5	0,80
154519031	154619031	154569031	GALNT13	NAN.Melanesian	10	0,80
173303751	173403751	173353751	GALNT7_17	Adygei	9	0,78
174113751	174213751	174163751	GALNT7_17	Colombian	9	0,78
173303751	173403751	173353751	GALNT7_17	French	9	0,78
173303751	173403751	173353751	GALNT7_17	Orcadian	9	0,78
77097338	77197338	77147338	SIAT7C_E	Surui	9	0,78
173333751	173433751	173383751	GALNT7_17	Adygei	13	0,77
173543751	173643751	173593751	GALNT7_17	Colombian	13	0,77
173363751	173463751	173413751	GALNT7_17	Druze	13	0,77
173333751	173433751	173383751	GALNT7_17	Orcadian	13	0,77
173363751	173463751	173413751	GALNT7_17	Adygei	13	0,77
64968701	65068701	65018701	FUT8	Colombian	4	0,75
64998701	65098701	65048701	FUT8	Colombian	8	0,75
76714680	76814680	76764680	B3GNT6	Orcadian	4	0,75
76744680	76844680	76794680	B3GNT6	Orcadian	4	0,75
77067338	77167338	77117338	SIAT7C_E	Surui	8	0,75
68787775	68887775	68837775	GALNTL1	Colombian	16	0,75
33099383	33199383	33149383	FUT10	Colombian	8	0,75
174053751	174153751	174103751	GALNT7_17	Colombian	8	0,75
173153751	173253751	173203751	GALNT7_17	Karitiana	8	0,75
62240589	62340589	62290589	B3GNT2	Colombian	12	0,75
173723751	173823751	173773751	GALNT7_17	Druze	12	0,75
68757775	68857775	68807775	GALNTL1	Colombian	12	0,75
173483751	173583751	173533751	GALNT7_17	NAN.Melanesian	8	0,75
154879031	154979031	154929031	GALNT13	Pima	23	0,74
77187338	77287338	77237338	SIAT7C_E	Surui	11	0,73
77097338	77197338	77147338	SIAT7C_E	Kalash	11	0,73
174083751	174183751	174133751	GALNT7_17	Karitiana	11	0,73
31450883	31550883	31500883	GALNT1	Orcadian	11	0,73
33399383	33499383	33449383	FUT10	South.China	11	0,73
100145776	100245776	100195776	SIAT10	Maya	11	0,73
